timestamp_us,grip_voltage,relative_time_us
126315135,2064,0
126315505,2057,370
126315876,2048,741
126316251,2040,1116
126316622,2032,1487
126316992,2024,1857
126317363,2017,2228
126317736,2010,2601
126318107,2004,2972
126318477,1999,3342
126318848,1993,3713
126319219,1989,4084
126319589,1986,4454
126319960,1982,4825
126320330,1982,5195
126320705,1982,5570
126321076,1983,5941
126321446,1984,6311
126321816,1986,6681
126322187,1989,7052
126322558,1994,7423
126322933,1998,7798
126323303,2005,8168
126323674,2011,8539
126324049,2018,8914
126324419,2025,9284
126324790,2034,9655
126325161,2041,10026
126325531,2051,10396
126325906,2058,10771
126326276,2067,11141
126326647,2075,11512
126327017,2083,11882
126327388,2090,12253
126327758,2097,12623
126328129,2103,12994
126328500,2109,13365
126328870,2113,13735
126329245,2118,14110
126329616,2120,14481
126329987,2123,14852
126330357,2126,15222
126330732,2124,15597
126331103,2124,15968
126331473,2122,16338
126331843,2120,16708
126332214,2116,17079
126332585,2112,17450
126332955,2106,17820
126333326,2100,18191
126333699,2094,18564
126334070,2087,18935
126334440,2080,19305
126334810,2072,19675
126335181,2063,20046
126335552,2055,20417
126335926,2047,20791
126336297,2039,21162
126336667,2031,21532
126337043,2023,21908
126337414,2016,22279
126337784,2009,22649
126338155,2003,23020
126338525,1996,23390
126338900,1992,23765
126339270,1988,24135
126339640,1985,24505
126340011,1983,24876
126340381,1981,25246
126340752,1981,25617
126341123,1981,25988
126341493,1984,26358
126341863,1987,26728
126342238,1989,27103
126342608,1993,27473
126342979,1999,27844
126343349,2005,28214
126343724,2012,28589
126344095,2019,28960
126344465,2026,29330
126344836,2034,29701
126345207,2041,30072
126345577,2050,30442
126345948,2059,30813
126346318,2067,31183
126346690,2076,31555
126347061,2084,31926
126347432,2091,32297
126347802,2098,32667
126348173,2104,33038
126348543,2109,33408
126348918,2114,33783
126349288,2118,34153
126349658,2121,34523
126350030,2124,34895
126350400,2125,35265
126350771,2124,35636
126351141,2123,36006
126351512,2122,36377
126351886,2119,36751
126352256,2115,37121
126352627,2111,37492
126352997,2105,37862
126353368,2100,38233
126353742,2093,38607
126354112,2087,38977
126354483,2079,39348
126354853,2071,39718
126355224,2063,40089
126355594,2054,40459
126355965,2046,40830
126356336,2039,41201
126356709,2029,41574
126357079,2023,41944
126357450,2016,42315
126357820,2009,42685
126358191,2002,43056
126358561,1997,43426
126358936,1992,43801
126359307,1988,44172
126359677,1985,44542
126360050,1983,44915
126360421,1981,45286
126360791,1982,45656
126361162,1982,46027
126361533,1985,46398
126361908,1987,46773
126362278,1991,47143
126362649,1994,47514
126363020,1999,47885
126363390,2006,48255
126363761,2013,48626
126364135,2020,49000
126364505,2030,49370
126364876,2035,49741
126365251,2043,50116
126365622,2051,50487
126365992,2061,50857
126366363,2069,51228
126366736,2077,51601
126367107,2085,51972
126367477,2092,52342
126367848,2098,52713
126368219,2105,53084
126368589,2109,53454
126368960,2114,53825
126369330,2118,54195
126369705,2121,54570
126370076,2124,54941
126370446,2124,55311
126370816,2124,55681
126371187,2124,56052
126371558,2122,56423
126371933,2119,56798
126372303,2115,57168
126372674,2110,57539
126373049,2105,57914
126373419,2100,58284
126373790,2090,58655
126374161,2085,59026
126374531,2078,59396
126374906,2070,59771
126375276,2062,60141
126375647,2054,60512
126376017,2045,60882
126376388,2037,61253
126376758,2029,61623
126377129,2021,61994
126377500,2015,62365
126377870,2006,62735
126378245,2002,63110
126378616,1994,63481
126378987,1991,63852
126379357,1988,64222
126379732,1985,64597
126380103,1983,64968
126380473,1981,65338
126380843,1982,65708
126381214,1982,66079
126381585,1984,66450
126381955,1987,66820
126382326,1990,67191
126382699,1995,67564
126383070,2000,67935
126383440,2006,68305
126383810,2013,68675
126384181,2020,69046
126384552,2028,69417
126384926,2036,69791
126385297,2045,70162
126385667,2053,70532
126386043,2062,70908
126386414,2069,71279
126386784,2078,71649
126387155,2085,72020
126387525,2092,72390
126387900,2099,72765
126388270,2105,73135
126388640,2110,73505
126389011,2115,73876
126389381,2119,74246
126389752,2122,74617
126390123,2124,74988
126390493,2124,75358
126390863,2124,75728
126391238,2124,76103
126391608,2121,76473
126391979,2118,76844
126392349,2112,77214
126392724,2110,77589
126393095,2104,77960
126393465,2098,78330
126393836,2092,78701
126394207,2085,79072
126394577,2076,79442
126394948,2068,79813
126395318,2060,80183
126395690,2053,80555
126396061,2044,80926
126396432,2035,81297
126396802,2027,81667
126397173,2020,82038
126397543,2012,82408
126397918,2007,82783
126398288,2001,83153
126398658,1995,83523
126399030,1991,83895
126399400,1987,84265
126399771,1984,84636
126400141,1982,85006
126400512,1981,85377
126400886,1982,85751
126401256,1983,86121
126401627,1984,86492
126401997,1987,86862
126402368,1992,87233
126402742,1995,87607
126403112,2002,87977
126403483,2007,88348
126403853,2014,88718
126404224,2021,89089
126404594,2030,89459
126404965,2037,89830
126405336,2046,90201
126405709,2054,90574
126406079,2061,90944
126406450,2072,91315
126406820,2078,91685
126407191,2086,92056
126407561,2095,92426
126407936,2100,92801
126408307,2106,93172
126408677,2112,93542
126409050,2116,93915
126409421,2120,94286
126409791,2122,94656
126410162,2123,95027
126410533,2125,95398
126410908,2124,95773
126411278,2123,96143
126411649,2121,96514
126412020,2118,96885
126412390,2113,97255
126412761,2109,97626
126413135,2104,98000
126413505,2098,98370
126413876,2090,98741
126414251,2084,99116
126414622,2075,99487
126414992,2068,99857
126415363,2059,100228
126415736,2051,100601
126416107,2043,100972
126416477,2035,101342
126416848,2027,101713
126417219,2018,102084
126417589,2012,102454
126417960,2005,102825
126418330,2001,103195
126418705,1995,103570
126419076,1990,103941
126419446,1986,104311
126419816,1984,104681
126420187,1981,105052
126420558,1982,105423
126420933,1981,105798
126421303,1983,106168
126421674,1985,106539
126422049,1987,106914
126422419,1993,107284
126422790,1996,107655
126423161,2002,108026
126423531,2009,108396
126423906,2015,108771
126424276,2022,109141
126424647,2031,109512
126425017,2038,109882
126425388,2047,110253
126425758,2055,110623
126426129,2063,110994
126426500,2071,111365
126426870,2079,111735
126427245,2088,112110
126427616,2095,112481
126427987,2100,112852
126428357,2107,113222
126428732,2112,113597
126429103,2116,113968
126429473,2119,114338
126429843,2122,114708
126430214,2123,115079
126430585,2125,115450
126430955,2124,115820
126431326,2123,116191
126431699,2120,116564
126432070,2118,116935
126432440,2113,117305
126432810,2108,117675
126433181,2103,118046
126433552,2097,118417
126433926,2090,118791
126434297,2083,119162
126434667,2075,119532
126435043,2066,119908
126435414,2060,120279
126435784,2049,120649
126436155,2042,121020
126436525,2033,121390
126436900,2026,121765
126437270,2017,122135
126437640,2011,122505
126438011,2005,122876
126438381,1999,123246
126438752,1995,123617
126439123,1990,123988
126439493,1986,124358
126439863,1983,124728
126440238,1981,125103
126440608,1981,125473
126440979,1982,125844
126441349,1983,126214
126441724,1986,126589
126442095,1987,126960
126442465,1992,127330
126442836,1997,127701
126443207,2003,128072
126443577,2008,128442
126443948,2016,128813
126444318,2023,129183
126444690,2030,129555
126445061,2039,129926
126445432,2048,130297
126445802,2056,130667
126446173,2065,131038
126446543,2072,131408
126446918,2081,131783
126447288,2088,132153
126447658,2095,132523
126448030,2101,132895
126448400,2107,133265
126448771,2112,133636
126449141,2116,134006
126449512,2120,134377
126449886,2122,134751
126450256,2123,135121
126450627,2124,135492
126450997,2124,135862
126451368,2123,136233
126451742,2120,136607
126452112,2117,136977
126452483,2113,137348
126452853,2108,137718
126453224,2102,138089
126453594,2097,138459
126453965,2089,138830
126454336,2081,139201
126454709,2074,139574
126455079,2065,139944
126455450,2057,140315
126455820,2050,140685
126456191,2041,141056
126456561,2033,141426
126456936,2025,141801
126457307,2018,142172
126457677,2010,142542
126458050,2005,142915
126458421,1999,143286
126458791,1993,143656
126459162,1990,144027
126459533,1986,144398
126459908,1984,144773
126460278,1981,145143
126460649,1981,145514
126461020,1981,145885
126461390,1983,146255
126461761,1985,146626
126462135,1988,147000
126462505,1992,147370
126462876,1998,147741
126463251,2003,148116
126463622,2010,148487
126463992,2017,148857
126464363,2024,149228
126464736,2032,149601
126465107,2040,149972
126465477,2049,150342
126465848,2058,150713
126466219,2065,151084
126466589,2073,151454
126466960,2082,151825
126467330,2089,152195
126467705,2096,152570
126468076,2102,152941
126468446,2108,153311
126468816,2112,153681
126469187,2116,154052
126469558,2120,154423
126469933,2122,154798
126470303,2124,155168
126470674,2124,155539
126471049,2124,155914
126471419,2121,156284
126471790,2120,156655
126472161,2116,157026
126472531,2113,157396
126472906,2107,157771
126473276,2101,158141
126473647,2095,158512
126474017,2088,158882
126474388,2080,159253
126474758,2073,159623
126475129,2065,159994
126475500,2055,160365
126475870,2048,160735
126476245,2040,161110
126476616,2032,161481
126476987,2024,161852
126477357,2017,162222
126477732,2010,162597
126478103,2004,162968
126478473,1997,163338
126478843,1992,163708
126479214,1988,164079
126479585,1985,164450
126479955,1983,164820
126480326,1981,165191
126480699,1982,165564
126481070,1982,165935
126481440,1983,166305
126481810,1986,166675
126482181,1989,167046
126482552,1993,167417
126482926,1998,167791
126483297,2005,168162
126483667,2011,168532
126484043,2018,168908
126484414,2025,169279
126484784,2032,169649
126485155,2041,170020
126485525,2049,170390
126485900,2058,170765
126486270,2067,171135
126486640,2075,171505
126487011,2082,171876
126487381,2089,172246
126487752,2097,172617
126488123,2104,172988
126488493,2108,173358
126488863,2114,173728
126489238,2117,174103
126489608,2121,174473
126489979,2123,174844
126490349,2124,175214
126490724,2127,175589
126491095,2123,175960
126491465,2122,176330
126491836,2119,176701
126492207,2116,177072
126492577,2111,177442
126492948,2106,177813
126493318,2101,178183
126493690,2094,178555
126494061,2087,178926
126494432,2080,179297
126494802,2072,179667
126495173,2064,180038
126495543,2055,180408
126495918,2048,180783
126496288,2039,181153
126496658,2031,181523
126497030,2023,181895
126497400,2015,182265
126497771,2009,182636
126498141,2002,183006
126498512,1997,183377
126498886,1992,183751
126499256,1988,184121
126499627,1985,184492
126499997,1984,184862
126500368,1982,185233
126500742,1981,185607
126501112,1982,185977
126501483,1984,186348
126501853,1986,186718
126502224,1990,187089
126502594,1995,187459
126502965,1999,187830
126503336,2005,188201
126503709,2011,188574
126504079,2018,188944
126504450,2026,189315
126504820,2034,189685
126505191,2041,190056
126505561,2051,190426
126505936,2059,190801
126506307,2067,191172
126506677,2076,191542
126507050,2083,191915
126507421,2089,192286
126507791,2098,192656
126508162,2104,193027
126508533,2110,193398
126508908,2114,193773
126509278,2118,194143
126509649,2121,194514
126510020,2124,194885
126510390,2125,195255
126510761,2124,195626
126511135,2123,196000
126511505,2122,196370
126511876,2119,196741
126512251,2116,197116
126512622,2112,197487
126512992,2105,197857
126513363,2099,198228
126513736,2093,198601
126514107,2086,198972
126514477,2078,199342
126514848,2071,199713
126515219,2063,200084
126515589,2055,200454
126515960,2046,200825
126516330,2038,201195
126516705,2031,201570
126517076,2023,201941
126517446,2016,202311
126517816,2009,202681
126518187,2003,203052
126518558,1997,203423
126518933,1992,203798
126519303,1988,204168
126519674,1985,204539
126520049,1983,204914
126520419,1981,205284
126520790,1981,205655
126521161,1982,206026
126521531,1985,206396
126521906,1987,206771
126522276,1990,207141
126522647,1995,207512
126523017,2000,207882
126523388,2004,208253
126523758,2013,208623
126524129,2020,208994
126524500,2027,209365
126524870,2035,209735
126525245,2043,210110
126525616,2052,210481
126525987,2060,210852
126526357,2068,211222
126526732,2077,211597
126527103,2085,211968
126527473,2092,212338
126527843,2100,212708
126528214,2104,213079
126528585,2109,213450
126528955,2114,213820
126529326,2118,214191
126529699,2122,214564
126530070,2124,214935
126530440,2124,215305
126530810,2124,215675
126531181,2124,216046
126531552,2122,216417
126531926,2119,216791
126532297,2115,217162
126532667,2110,217532
126533043,2105,217908
126533414,2100,218279
126533784,2092,218649
126534155,2085,219020
126534525,2077,219390
126534900,2070,219765
126535270,2061,220135
126535640,2054,220505
126536011,2048,220876
126536381,2038,221246
126536752,2029,221617
126537123,2021,221988
126537493,2014,222358
126537863,2008,222728
126538238,2002,223103
126538608,1996,223473
126538979,1991,223844
126539349,1986,224214
126539724,1984,224589
126540095,1982,224960
126540465,1981,225330
126540836,1981,225701
126541207,1982,226072
126541577,1984,226442
126541948,1987,226813
126542318,1990,227183
126542690,1995,227555
126543061,2002,227926
126543432,2006,228297
126543802,2013,228667
126544173,2020,229038
126544543,2028,229408
126544918,2036,229783
126545288,2044,230153
126545658,2052,230523
126546030,2061,230895
126546400,2070,231265
126546771,2077,231636
126547141,2085,232006
126547512,2091,232377
126547886,2099,232751
126548256,2106,233121
126548627,2110,233492
126548997,2115,233862
126549368,2119,234233
126549742,2121,234607
126550112,2123,234977
126550483,2125,235348
126550853,2124,235718
126551224,2123,236089
126551594,2121,236459
126551965,2119,236830
126552336,2114,237201
126552709,2110,237574
126553079,2105,237944
126553450,2099,238315
126553820,2092,238685
126554191,2084,239056
126554561,2077,239426
126554936,2069,239801
126555307,2061,240172
126555677,2053,240542
126556050,2044,240915
126556421,2037,241286
126556791,2028,241656
126557162,2020,242027
126557533,2014,242398
126557908,2006,242773
126558278,2000,243143
126558649,1995,243514
126559020,1990,243885
126559390,1989,244255
126559761,1984,244626
126560135,1982,245000
126560505,1981,245370
126560876,1981,245741
126561251,1982,246116
126561622,1983,246487
126561992,1987,246857
126562363,1991,247228
126562736,1995,247601
126563107,2001,247972
126563477,2007,248342
126563848,2013,248713
126564219,2021,249084
126564589,2029,249454
126564960,2036,249825
126565330,2045,250195
126565705,2054,250570
126566076,2061,250941
126566446,2070,251311
126566816,2078,251681
126567187,2085,252052
126567558,2093,252423
126567933,2099,252798
126568303,2106,253168
126568674,2111,253539
126569049,2115,253914
126569419,2117,254284
126569790,2121,254655
126570161,2123,255026
126570531,2125,255396
126570906,2124,255771
126571276,2123,256141
126571647,2121,256512
126572017,2118,256882
126572388,2114,257253
126572758,2109,257623
126573129,2104,257994
126573500,2097,258365
126573870,2091,258735
126574245,2082,259110
126574616,2076,259481
126574987,2067,259852
126575357,2059,260222
126575732,2052,260597
126576103,2043,260968
126576473,2035,261338
126576843,2027,261708
126577214,2019,262079
126577585,2012,262450
126577955,2006,262820
126578326,2000,263191
126578699,1994,263564
126579070,1989,263935
126579440,1986,264305
126579810,1984,264675
126580181,1982,265046
126580552,1982,265417
126580926,1981,265791
126581297,1982,266162
126581667,1986,266532
126582043,1986,266908
126582414,1991,267279
126582784,1996,267649
126583155,2002,268020
126583525,2006,268390
126583900,2015,268765
126584270,2022,269135
126584640,2029,269505
126585011,2038,269876
126585381,2046,270246
126585752,2055,270617
126586123,2063,270988
126586493,2071,271358
126586863,2079,271728
126587238,2088,272103
126587608,2093,272473
126587979,2101,272844
126588349,2106,273214
126588724,2112,273589
126589095,2116,273960
126589465,2120,274330
126589836,2124,274701
126590207,2124,275072
126590577,2124,275442
126590948,2124,275813
126591318,2123,276183
126591690,2120,276555
126592061,2117,276926
126592432,2114,277297
126592802,2109,277667
126593173,2104,278038
126593543,2096,278408
126593918,2090,278783
126594288,2083,279153
126594658,2075,279523
126595030,2066,279895
126595400,2059,280265
126595771,2050,280636
126596141,2042,281006
126596512,2035,281377
126596886,2026,281751
126597256,2019,282121
126597627,2012,282492
126597997,2005,282862
126598368,1999,283233
126598742,1994,283607
126599112,1990,283977
126599483,1986,284348
126599853,1984,284718
126600224,1982,285089
126600594,1979,285459
126600965,1982,285830
126601336,1983,286201
126601709,1984,286574
126602079,1988,286944
126602450,1992,287315
126602820,1996,287685
126603191,2002,288056
126603561,2009,288426
126603936,2015,288801
126604307,2023,289172
126604677,2030,289542
126605050,2038,289915
126605421,2047,290286
126605791,2056,290656
126606162,2064,291027
126606533,2073,291398
126606908,2080,291773
126607278,2088,292143
126607649,2096,292514
126608020,2101,292885
126608390,2107,293255
126608761,2112,293626
126609135,2116,294000
126609505,2120,294370
126609876,2122,294741
126610251,2124,295116
126610622,2126,295487
126610992,2124,295857
126611363,2122,296228
126611736,2120,296601
126612107,2117,296972
126612477,2112,297342
126612848,2108,297713
126613219,2102,298084
126613589,2096,298454
126613960,2090,298825
126614330,2079,299195
126614705,2075,299570
126615076,2066,299941
126615446,2058,300311
126615816,2050,300681
126616187,2041,301052
126616558,2033,301423
126616933,2026,301798
126617303,2017,302168
126617674,2011,302539
126618049,2004,302914
126618419,1997,303284
126618790,1993,303655
126619161,1989,304026
126619531,1987,304396
126619906,1983,304771
126620276,1982,305141
126620647,1981,305512
126621017,1981,305882
126621388,1982,306253
126621758,1985,306623
126622129,1988,306994
126622500,1992,307365
126622870,1998,307735
126623245,2003,308110
126623616,2009,308481
126623987,2016,308852
126624357,2024,309222
126624732,2032,309597
126625103,2040,309968
126625473,2048,310338
126625843,2057,310708
126626214,2066,311079
126626585,2073,311450
126626955,2081,311820
126627326,2088,312191
126627699,2096,312564
126628070,2102,312935
126628440,2108,313305
126628810,2112,313675
126629181,2117,314046
126629552,2119,314417
126629926,2122,314791
126630297,2124,315162
126630667,2124,315532
126631043,2123,315908
126631414,2124,316279
126631784,2120,316649
126632155,2116,317020
126632525,2111,317390
126632900,2107,317765
126633270,2101,318135
126633640,2095,318505
126634011,2088,318876
126634381,2081,319246
126634752,2072,319617
126635123,2064,319988
126635493,2056,320358
126635863,2048,320728
126636238,2040,321103
126636608,2032,321473
126636979,2024,321844
126637349,2016,322214
126637724,2010,322589
126638095,2004,322960
126638465,1998,323330
126638836,1993,323701
126639207,1989,324072
126639577,1986,324442
126639948,1983,324813
126640318,1982,325183
126640690,1981,325555
126641061,1982,325926
126641432,1984,326297
126641802,1986,326667
126642173,1989,327038
126642543,1993,327408
126642918,1998,327783
126643288,2004,328153
126643658,2010,328523
126644030,2018,328895
126644400,2026,329265
126644771,2034,329636
126645141,2041,330006
126645512,2049,330377
126645886,2058,330751
126646256,2066,331121
126646627,2074,331492
126646997,2082,331862
126647368,2089,332233
126647742,2096,332607
126648112,2103,332977
126648483,2108,333348
126648853,2113,333718
126649224,2118,334089
126649594,2121,334459
126649965,2123,334830
126650336,2124,335201
126650709,2124,335574
126651079,2124,335944
126651450,2122,336315
126651820,2120,336685
126652191,2116,337056
126652561,2112,337426
126652936,2106,337801
126653307,2101,338172
126653677,2094,338542
126654050,2087,338915
126654421,2079,339286
126654791,2072,339656
126655162,2064,340027
126655533,2057,340398
126655908,2048,340773
126656278,2039,341143
126656649,2032,341514
126657020,2023,341885
126657390,2017,342255
126657761,2009,342626
126658135,2003,343000
126658505,1997,343370
126658876,1992,343741
126659251,1988,344116
126659622,1984,344487
126659992,1983,344857
126660363,1981,345228
126660736,1980,345601
126661107,1981,345972
126661477,1984,346342
126661848,1986,346713
126662219,1989,347084
126662589,1993,347454
126662960,1998,347825
126663330,2004,348195
126663705,2011,348570
126664076,2018,348941
126664446,2026,349311
126664816,2034,349681
126665187,2042,350052
126665558,2051,350423
126665933,2060,350798
126666303,2068,351168
126666674,2076,351539
126667049,2084,351914
126667419,2089,352284
126667790,2097,352655
126668161,2103,353026
126668531,2110,353396
126668906,2114,353771
126669276,2118,354141
126669647,2121,354512
126670017,2124,354882
126670388,2125,355253
126670758,2124,355623
126671129,2123,355994
126671500,2122,356365
126671870,2119,356735
126672245,2116,357110
126672616,2111,357481
126672987,2106,357852
126673357,2100,358222
126673732,2094,358597
126674103,2087,358968
126674473,2082,359338
126674843,2071,359708
126675214,2066,360079
126675585,2055,360450
126675955,2046,360820
126676326,2038,361191
126676699,2030,361564
126677070,2022,361935
126677440,2016,362305
126677810,2008,362675
126678181,2002,363046
126678552,1998,363417
126678926,1992,363791
126679297,1988,364162
126679667,1985,364532
126680043,1983,364908
126680414,1981,365279
126680784,1981,365649
126681155,1982,366020
126681525,1982,366390
126681900,1986,366765
126682270,1990,367135
126682640,1994,367505
126683011,1999,367876
126683381,2006,368246
126683752,2012,368617
126684123,2019,368988
126684493,2026,369358
126684863,2034,369728
126685238,2043,370103
126685608,2052,370473
126685979,2060,370844
126686349,2068,371214
126686724,2076,371589
126687095,2084,371960
126687465,2091,372330
126687836,2099,372701
126688207,2104,373072
126688577,2110,373442
126688948,2114,373813
126689318,2118,374183
126689690,2121,374555
126690061,2123,374926
126690432,2123,375297
126690802,2124,375667
126691173,2124,376038
126691543,2121,376408
126691918,2119,376783
126692288,2115,377153
126692658,2110,377523
126693030,2106,377895
126693400,2099,378265
126693771,2093,378636
126694141,2086,379006
126694512,2078,379377
126694886,2070,379751
126695256,2062,380121
126695627,2054,380492
126695997,2046,380862
126696368,2038,381233
126696742,2030,381607
126697112,2022,381977
126697483,2013,382348
126697853,2008,382718
126698224,2002,383089
126698594,1995,383459
126698965,1991,383830
126699336,1987,384201
126699709,1985,384574
126700079,1982,384944
126700450,1981,385315
126700820,1981,385685
126701191,1982,386056
126701561,1984,386426
126701936,1986,386801
126702307,1990,387172
126702677,1995,387542
126703050,2000,387915
126703421,2005,388286
126703791,2012,388656
126704162,2020,389027
126704533,2028,389398
126704908,2035,389773
126705278,2044,390143
126705649,2052,390514
126706020,2061,390885
126706390,2069,391255
126706761,2077,391626
126707135,2085,392000
126707505,2092,392370
126707876,2098,392741
126708251,2105,393116
126708622,2110,393487
126708992,2115,393857
126709363,2117,394228
126709736,2121,394601
126710107,2124,394972
126710477,2124,395342
126710848,2124,395713
126711219,2123,396084
126711589,2121,396454
126711960,2118,396825
126712330,2114,397195
126712705,2110,397570
126713076,2105,397941
126713446,2099,398311
126713816,2092,398681
126714187,2085,399052
126714558,2078,399423
126714933,2069,399798
126715303,2061,400168
126715674,2054,400539
126716049,2044,400914
126716419,2037,401284
126716790,2029,401655
126717161,2020,402026
126717531,2014,402396
126717906,2007,402771
126718276,2001,403141
126718647,1995,403512
126719017,1991,403882
126719388,1987,404253
126719758,1984,404623
126720129,1982,404994
126720500,1981,405365
126720870,1981,405735
126721245,1983,406110
126721616,1984,406481
126721987,1987,406852
126722357,1991,407222
126722732,1996,407597
126723103,2001,407968
126723473,2007,408338
126723843,2014,408708
126724214,2020,409079
126724585,2028,409450
126724955,2037,409820
126725326,2045,410191
126725699,2054,410564
126726070,2062,410935
126726440,2069,411305
126726810,2078,411675
126727181,2086,412046
126727552,2092,412417
126727926,2099,412791
126728297,2105,413162
126728667,2111,413532
126729043,2115,413908
126729414,2117,414279
126729784,2121,414649
126730155,2123,415020
126730525,2122,415390
126730900,2123,415765
126731270,2122,416135
126731640,2121,416505
126732011,2118,416876
126732381,2113,417246
126732752,2109,417617
126733123,2104,417988
126733493,2098,418358
126733863,2091,418728
126734238,2084,419103
126734608,2076,419473
126734979,2068,419844
126735349,2061,420214
126735724,2052,420589
126736095,2043,420960
126736465,2035,421330
126736836,2028,421701
126737207,2020,422072
126737577,2012,422442
126737948,2006,422813
126738318,2000,423183
126738690,1995,423555
126739061,1990,423926
126739432,1986,424297
126739802,1984,424667
126740173,1980,425038
126740543,1981,425408
126740918,1981,425783
126741288,1983,426153
126741658,1985,426523
126742030,1988,426895
126742400,1991,427265
126742771,1996,427636
126743141,2002,428006
126743512,2008,428377
126743886,2014,428751
126744256,2022,429121
126744627,2030,429492
126744997,2038,429862
126745368,2045,430233
126745742,2054,430607
126746112,2062,430977
126746483,2071,431348
126746853,2079,431718
126747224,2086,432089
126747594,2095,432459
126747965,2100,432830
126748336,2107,433201
126748709,2111,433574
126749079,2116,433944
126749450,2120,434315
126749820,2122,434685
126750191,2124,435056
126750561,2124,435426
126750936,2124,435801
126751307,2123,436172
126751677,2121,436542
126752050,2117,436915
126752421,2113,437286
126752791,2109,437656
126753162,2104,438027
126753533,2097,438398
126753908,2091,438773
126754278,2082,439143
126754649,2075,439514
126755020,2067,439885
126755390,2059,440255
126755761,2051,440626
126756135,2043,441000
126756505,2035,441370
126756876,2027,441741
126757251,2022,442116
126757622,2011,442487
126757992,2006,442857
126758363,2000,443228
126758736,1994,443601
126759107,1990,443972
126759477,1986,444342
126759848,1984,444713
126760219,1980,445084
126760589,1981,445454
126760960,1982,445825
126761330,1982,446195
126761705,1984,446570
126762076,1988,446941
126762446,1992,447311
126762816,1997,447681
126763187,2003,448052
126763558,2009,448423
126763933,2015,448798
126764303,2023,449168
126764674,2030,449539
126765049,2038,449914
126765419,2048,450284
126765790,2055,450655
126766161,2064,451026
126766531,2073,451396
126766906,2079,451771
126767276,2088,452141
126767647,2095,452512
126768017,2101,452882
126768388,2107,453253
126768758,2112,453623
126769129,2116,453994
126769500,2119,454365
126769870,2123,454735
126770245,2123,455110
126770616,2124,455481
126770987,2124,455852
126771357,2123,456222
126771732,2122,456597
126772103,2118,456968
126772473,2112,457338
126772843,2108,457708
126773214,2103,458079
126773585,2096,458450
126773955,2090,458820
126774326,2082,459191
126774699,2074,459564
126775070,2067,459935
126775440,2058,460305
126775810,2050,460675
126776181,2041,461046
126776552,2033,461417
126776926,2025,461791
126777297,2019,462162
126777667,2010,462532
126778043,2004,462908
126778414,1997,463279
126778784,1994,463649
126779155,1989,464020
126779525,1984,464390
126779900,1983,464765
126780270,1981,465135
126780640,1981,465505
126781011,1981,465876
126781381,1983,466246
126781752,1984,466617
126782123,1988,466988
126782493,1992,467358
126782863,1998,467728
126783238,2003,468103
126783608,2009,468473
126783979,2016,468844
126784349,2024,469214
126784724,2032,469589
126785095,2040,469960
126785465,2048,470330
126785836,2057,470701
126786207,2066,471072
126786577,2073,471442
126786948,2081,471813
126787318,2088,472183
126787690,2095,472555
126788061,2102,472926
126788432,2107,473297
126788802,2112,473667
126789173,2116,474038
126789543,2119,474408
126789918,2122,474783
126790288,2124,475153
126790658,2124,475523
126791030,2123,475895
126791400,2123,476265
126791771,2120,476636
126792141,2117,477006
126792512,2113,477377
126792886,2106,477751
126793256,2102,478121
126793627,2095,478492
126793997,2088,478862
126794368,2081,479233
126794742,2073,479607
126795112,2066,479977
126795483,2057,480348
126795853,2050,480718
126796224,2040,481089
126796594,2033,481459
126796965,2024,481830
126797336,2017,482201
126797709,2011,482574
126798079,2003,482944
126798450,1998,483315
126798820,1993,483685
126799191,1989,484056
126799561,1985,484426
126799936,1982,484801
126800307,1981,485172
126800677,1982,485542
126801050,1982,485915
126801421,1983,486286
126801791,1985,486656
126802162,1989,487027
126802533,1993,487398
126802908,1997,487773
126803278,2004,488143
126803649,2010,488514
126804020,2017,488885
126804390,2025,489255
126804761,2032,489626
126805135,2040,490000
126805505,2049,490370
126805876,2057,490741
126806251,2066,491116
126806622,2074,491487
126806992,2082,491857
126807363,2090,492228
126807736,2096,492601
126808107,2103,492972
126808477,2108,493342
126808848,2113,493713
126809219,2117,494084
126809589,2120,494454
126809960,2122,494825
126810330,2124,495195
126810705,2124,495570
126811076,2124,495941
126811446,2122,496311
126811816,2120,496681
126812187,2117,497052
126812558,2112,497423
126812933,2107,497798
126813303,2100,498168
126813674,2094,498539
126814049,2088,498914
126814419,2081,499284
126814790,2073,499655
126815161,2064,500026
126815531,2057,500396
126815906,2048,500771
126816276,2040,501141
126816647,2031,501512
126817017,2024,501882
126817388,2016,502253
126817758,2010,502623
126818129,2003,502994
126818500,1998,503365
126818870,1992,503735
126819245,1988,504110
126819616,1985,504481
126819987,1983,504852
126820357,1982,505222
126820732,1981,505597
126821103,1982,505968
126821473,1983,506338
126821843,1985,506708
126822214,1989,507079
126822585,1993,507450
126822955,1998,507820
126823326,2004,508191
126823699,2011,508564
126824070,2017,508935
126824440,2025,509305
126824810,2033,509675
126825181,2042,510046
126825552,2050,510417
126825926,2059,510791
126826297,2067,511162
126826667,2075,511532
126827043,2082,511908
126827414,2092,512279
126827784,2096,512649
126828155,2103,513020
126828525,2108,513390
126828900,2114,513765
126829270,2118,514135
126829640,2122,514505
126830011,2123,514876
126830381,2123,515246
126830752,2124,515617
126831123,2123,515988
126831493,2122,516358
126831863,2120,516728
126832238,2116,517103
126832608,2112,517473
126832979,2106,517844
126833349,2101,518214
126833724,2094,518589
126834095,2087,518960
126834465,2080,519330
126834836,2071,519701
126835207,2063,520072
126835577,2056,520442
126835948,2047,520813
126836318,2039,521183
126836690,2030,521555
126837061,2023,521926
126837432,2016,522297
126837802,2009,522667
126838173,2003,523038
126838543,1997,523408
126838918,1992,523783
126839288,1988,524153
126839658,1985,524523
126840030,1983,524895
126840400,1982,525265
126840771,1981,525636
126841141,1983,526006
126841512,1984,526377
126841886,1986,526751
126842256,1989,527121
126842627,1995,527492
126842997,1999,527862
126843368,2005,528233
126843742,2012,528607
126844112,2019,528977
126844483,2027,529348
126844853,2035,529718
126845224,2043,530089
126845594,2052,530459
126845965,2060,530830
126846336,2068,531201
126846709,2076,531574
126847079,2084,531944
126847450,2091,532315
126847820,2097,532685
126848191,2104,533056
126848561,2110,533426
126848936,2114,533801
126849307,2118,534172
126849677,2121,534542
126850050,2123,534915
126850421,2125,535286
126850791,2124,535656
126851162,2123,536027
126851533,2122,536398
126851908,2119,536773
126852278,2115,537143
126852649,2111,537514
126853020,2104,537885
126853390,2100,538255
126853761,2094,538626
126854135,2086,539000
126854505,2078,539370
126854876,2071,539741
126855251,2062,540116
126855622,2054,540487
126855992,2046,540857
126856363,2038,541228
126856736,2030,541601
126857107,2022,541972
126857477,2015,542342
126857848,2008,542713
126858219,2001,543084
126858589,1996,543454
126858960,1991,543825
126859330,1987,544195
126859705,1983,544570
126860076,1982,544941
126860446,1981,545311
126860816,1981,545681
126861187,1982,546052
126861558,1984,546423
126861933,1986,546798
126862303,1990,547168
126862674,1995,547539
126863049,1998,547914
126863419,2005,548284
126863790,2013,548655
126864161,2020,549026
126864531,2029,549396
126864906,2036,549771
126865276,2044,550141
126865647,2052,550512
126866017,2061,550882
126866388,2069,551253
126866758,2077,551623
126867129,2085,551994
126867500,2092,552365
126867870,2099,552735
126868245,2105,553110
126868616,2109,553481
126868987,2115,553852
126869357,2119,554222
126869732,2122,554597
126870103,2123,554968
126870473,2124,555338
126870843,2123,555708
126871214,2123,556079
126871585,2121,556450
126871955,2119,556820
126872326,2115,557191
126872699,2110,557564
126873070,2104,557935
126873440,2100,558305
126873810,2092,558675
126874181,2085,559046
126874552,2077,559417
126874926,2070,559791
126875297,2060,560162
126875667,2053,560532
126876043,2045,560908
126876414,2037,561279
126876784,2029,561649
126877155,2020,562020
126877525,2012,562390
126877900,2007,562765
126878270,2001,563135
126878640,1995,563505
126879011,1990,563876
126879381,1987,564246
126879752,1984,564617
126880123,1982,564988
126880493,1981,565358
126880863,1982,565728
126881238,1982,566103
126881608,1984,566473
126881979,1987,566844
126882349,1989,567214
126882724,1995,567589
126883095,2001,567960
126883465,2008,568330
126883836,2014,568701
126884207,2021,569072
126884577,2029,569442
126884948,2036,569813
126885318,2045,570183
126885690,2054,570555
126886061,2061,570926
126886432,2070,571297
126886802,2078,571667
126887173,2086,572038
126887543,2092,572408
126887918,2100,572783
126888288,2106,573153
126888658,2111,573523
126889030,2116,573895
126889400,2119,574265
126889771,2122,574636
126890141,2124,575006
126890512,2124,575377
126890886,2124,575751
126891256,2123,576121
126891627,2122,576492
126891997,2118,576862
126892368,2114,577233
126892742,2109,577607
126893112,2104,577977
126893483,2098,578348
126893853,2092,578718
126894224,2085,579089
126894594,2077,579459
126894965,2070,579830
126895336,2060,580201
126895709,2053,580574
126896079,2045,580944
126896450,2036,581315
126896820,2028,581685
126897191,2020,582056
126897561,2014,582426
126897936,2006,582801
126898307,2000,583172
126898677,1995,583542
126899050,1991,583915
126899421,1987,584286
126899791,1984,584656
126900162,1983,585027
126900533,1983,585398
126900908,1982,585773
126901278,1982,586143
126901649,1984,586514
126902020,1988,586885
126902390,1991,587255
126902761,1996,587626
126903135,2001,588000
126903505,2008,588370
126903876,2014,588741
126904251,2022,589116
126904622,2029,589487
126904992,2038,589857
126905363,2046,590228
126905736,2055,590601
126906107,2063,590972
126906477,2071,591342
126906848,2079,591713
126907219,2086,592084
126907589,2093,592454
126907960,2100,592825
126908330,2105,593195
126908705,2112,593570
126909076,2115,593941
126909446,2120,594311
126909816,2122,594681
126910187,2123,595052
126910558,2124,595423
126910933,2124,595798
126911303,2123,596168
126911674,2120,596539
126912049,2118,596914
126912419,2113,597284
126912790,2109,597655
126913161,2104,598026
126913531,2098,598396
126913906,2090,598771
126914276,2083,599141
126914647,2075,599512
126915017,2068,599882
126915388,2059,600253
126915758,2051,600623
126916129,2043,600994
126916500,2035,601365
126916870,2027,601735
126917245,2019,602110
126917616,2012,602481
126917987,2006,602852
126918357,1999,603222
126918732,1994,603597
126919103,1989,603968
126919473,1986,604338
126919843,1984,604708
126920214,1982,605079
126920585,1980,605450
126920955,1981,605820
126921326,1983,606191
126921699,1985,606564
126922070,1988,606935
126922440,1991,607305
126922810,1996,607675
126923181,2002,608046
126923552,2008,608417
126923926,2015,608791
126924297,2023,609162
126924667,2030,609532
126925043,2038,609908
126925414,2048,610279
126925784,2055,610649
126926155,2064,611020
126926525,2071,611390
126926900,2080,611765
126927270,2087,612135
126927640,2093,612505
126928011,2101,612876
126928381,2106,613246
126928752,2112,613617
126929123,2117,613988
126929493,2122,614358
126929863,2122,614728
126930238,2124,615103
126930608,2124,615473
126930979,2124,615844
126931349,2123,616214
126931724,2120,616589
126932095,2117,616960
126932465,2111,617330
126932836,2109,617701
126933207,2103,618072
126933577,2097,618442
126933948,2090,618813
126934318,2082,619183
126934690,2075,619555
126935061,2066,619926
126935432,2058,620297
126935802,2051,620667
126936173,2042,621038
126936543,2034,621408
126936918,2026,621783
126937288,2018,622153
126937658,2011,622523
126938030,2005,622895
126938400,1999,623265
126938771,1994,623636
126939141,1989,624006
126939512,1985,624377
126939886,1983,624751
126940256,1982,625121
126940627,1981,625492
126940997,1982,625862
126941368,1982,626233
126941742,1985,626607
126942112,1987,626977
126942483,1992,627348
126942853,1997,627718
126943224,2003,628089
126943594,2009,628459
126943965,2016,628830
126944336,2023,629201
126944709,2032,629574
126945079,2039,629944
126945450,2048,630315
126945820,2056,630685
126946191,2065,631056
126946561,2073,631426
126946936,2081,631801
126947307,2088,632172
126947677,2095,632542
126948050,2102,632915
126948421,2108,633286
126948791,2113,633656
126949162,2116,634027
126949533,2120,634398
126949908,2123,634773
126950278,2124,635143
126950649,2124,635514
126951020,2124,635885
126951390,2123,636255
126951761,2120,636626
126952135,2117,637000
126952505,2115,637370
126952876,2107,637741
126953251,2102,638116
126953622,2095,638487
126953992,2088,638857
126954363,2081,639228
126954736,2074,639601
126955107,2066,639972
126955477,2057,640342
126955848,2049,640713
126956219,2041,641084
126956589,2033,641454
126956960,2025,641825
126957330,2017,642195
126957705,2010,642570
126958076,2004,642941
126958446,1999,643311
126958816,1993,643681
126959187,1989,644052
126959558,1986,644423
126959933,1983,644798
126960303,1982,645168
126960674,1981,645539
126961049,1982,645914
126961419,1981,646284
126961790,1985,646655
126962161,1989,647026
126962531,1994,647396
126962906,1997,647771
126963276,2003,648141
126963647,2010,648512
126964017,2017,648882
126964388,2026,649253
126964758,2032,649623
126965129,2040,649994
126965500,2049,650365
126965870,2057,650735
126966245,2066,651110
126966616,2073,651481
126966987,2081,651852
126967357,2089,652222
126967732,2096,652597
126968103,2102,652968
126968473,2108,653338
126968843,2113,653708
126969214,2117,654079
126969585,2120,654450
126969955,2122,654820
126970326,2124,655191
126970699,2124,655564
126971070,2124,655935
126971440,2122,656305
126971810,2120,656675
126972181,2117,657046
126972552,2113,657417
126972926,2107,657791
126973297,2102,658162
126973667,2095,658532
126974043,2087,658908
126974414,2080,659279
126974784,2072,659649
126975155,2064,660020
126975525,2056,660390
126975900,2049,660765
126976270,2041,661135
126976640,2031,661505
126977011,2023,661876
126977381,2017,662246
126977752,2009,662617
126978123,2003,662988
126978493,1998,663358
126978863,1993,663728
126979238,1989,664103
126979608,1985,664473
126979979,1984,664844
126980349,1982,665214
126980724,1981,665589
126981095,1982,665960
126981465,1983,666330
126981836,1985,666701
126982207,1990,667072
126982577,1993,667442
126982948,1998,667813
126983318,2005,668183
126983690,2011,668555
126984061,2018,668926
126984432,2025,669297
126984802,2033,669667
126985173,2041,670038
126985543,2049,670408
126985918,2058,670783
126986288,2067,671153
126986658,2075,671523
126987030,2082,671895
126987400,2090,672265
126987771,2096,672636
126988141,2103,673006
126988512,2108,673377
126988886,2113,673751
126989256,2117,674121
126989627,2121,674492
126989997,2124,674862
126990368,2124,675233
126990742,2123,675607
126991112,2124,675977
126991483,2121,676348
126991853,2120,676718
126992224,2116,677089
126992594,2113,677459
126992965,2106,677830
126993336,2101,678201
126993709,2094,678574
126994079,2087,678944
126994450,2080,679315
126994820,2072,679685
126995191,2063,680056
126995561,2055,680426
126995936,2048,680801
126996307,2039,681172
126996677,2031,681542
126997050,2023,681915
126997421,2016,682286
126997791,2008,682656
126998162,2003,683027
126998533,1998,683398
126998908,1992,683773
126999278,1988,684143
126999649,1985,684514
127000020,1983,684885
127000390,1981,685255
127000761,1981,685626
127001135,1982,686000
127001505,1986,686370
127001876,1986,686741
127002251,1989,687116
127002622,1993,687487
127002992,1998,687857
127003363,2005,688228
127003736,2014,688601
127004107,2018,688972
127004477,2026,689342
127004848,2034,689713
127005219,2043,690084
127005589,2051,690454
127005960,2060,690825
127006330,2067,691195
127006705,2077,691570
127007076,2084,691941
127007446,2091,692311
127007816,2098,692681
127008187,2104,693052
127008558,2110,693423
127008933,2114,693798
127009303,2118,694168
127009674,2121,694539
127010049,2123,694914
127010419,2121,695284
127010790,2124,695655
127011161,2125,696026
127011531,2122,696396
127011906,2119,696771
127012276,2116,697141
127012647,2110,697512
127013017,2106,697882
127013388,2099,698253
127013758,2093,698623
127014129,2086,698994
127014500,2079,699365
127014870,2071,699735
127015245,2063,700110
127015616,2054,700481
127015987,2046,700852
127016357,2038,701222
127016732,2031,701597
127017103,2022,701968
127017473,2015,702338
127017843,2008,702708
127018214,2002,703079
127018585,1996,703450
127018955,1992,703820
127019326,1988,704191
127019699,1985,704564
127020070,1983,704935
127020440,1981,705305
127020810,1981,705675
127021181,1983,706046
127021552,1984,706417
127021926,1986,706791
127022297,1990,707162
127022667,1994,707532
127023043,1999,707908
127023414,2005,708279
127023784,2012,708649
127024155,2020,709020
127024525,2026,709390
127024900,2035,709765
127025270,2044,710135
127025640,2052,710505
127026011,2060,710876
127026381,2069,711246
127026752,2076,711617
127027123,2085,711988
127027493,2092,712358
127027863,2099,712728
127028238,2104,713103
127028608,2110,713473
127028979,2114,713844
127029349,2119,714214
127029724,2121,714589
127030095,2123,714960
127030465,2124,715330
127030836,2125,715701
127031207,2123,716072
127031577,2123,716442
127031948,2118,716813
127032318,2115,717183
127032690,2110,717555
127033061,2106,717926
127033432,2099,718297
127033802,2093,718667
127034173,2086,719038
127034543,2077,719408
127034918,2070,719783
127035288,2061,720153
127035658,2054,720523
127036030,2046,720895
127036400,2036,721265
127036771,2029,721636
127037141,2022,722006
127037512,2014,722377
127037886,2008,722751
127038256,2001,723121
127038627,1996,723492
127038997,1991,723862
127039368,1987,724233
127039742,1984,724607
127040112,1983,724977
127040483,1981,725348
127040853,1981,725718
127041224,1982,726089
127041594,1985,726459
127041965,1987,726830
127042336,1991,727201
127042709,1994,727574
127043079,2000,727944
127043450,2009,728315
127043820,2013,728685
127044191,2020,729056
127044561,2029,729426
127044936,2037,729801
127045307,2045,730172
127045677,2054,730542
127046050,2061,730915
127046421,2069,731286
127046791,2078,731656
127047162,2086,732027
127047533,2094,732398
127047908,2099,732773
127048278,2105,733143
127048649,2110,733514
127049020,2115,733885
127049390,2119,734255
127049761,2121,734626
127050135,2124,735000
127050505,2124,735370
127050876,2125,735741
127051251,2123,736116
127051622,2121,736487
127051992,2119,736857
127052363,2114,737228
127052736,2110,737601
127053107,2104,737972
127053477,2098,738342
127053848,2092,738713
127054219,2084,739084
127054589,2078,739454
127054960,2069,739825
127055330,2061,740195
127055705,2052,740570
127056076,2044,740941
127056446,2036,741311
127056816,2028,741681
127057187,2020,742052
127057558,2014,742423
127057933,2007,742798
127058303,2000,743168
127058674,1995,743539
127059049,1990,743914
127059419,1985,744284
127059790,1985,744655
127060161,1982,745026
127060531,1982,745396
127060906,1982,745771
127061276,1982,746141
127061647,1984,746512
127062017,1987,746882
127062388,1991,747253
127062758,1996,747623
127063129,2001,747994
127063500,2008,748365
127063870,2014,748735
127064245,2021,749110
127064616,2029,749481
127064987,2037,749852
127065357,2045,750222
127065732,2054,750597
127066103,2062,750968
127066473,2071,751338
127066843,2079,751708
127067214,2086,752079
127067585,2092,752450
127067955,2100,752820
127068326,2106,753191
127068699,2111,753564
127069070,2116,753935
127069440,2119,754305
127069810,2121,754675
127070181,2123,755046
127070552,2124,755417
127070926,2124,755791
127071297,2123,756162
127071667,2120,756532
127072043,2118,756908
127072414,2116,757279
127072784,2111,757649
127073155,2104,758020
127073525,2096,758390
127073900,2090,758765
127074270,2083,759135
127074640,2075,759505
127075011,2067,759876
127075381,2060,760246
127075752,2051,760617
127076123,2044,760988
127076493,2035,761358
127076863,2027,761728
127077238,2019,762103
127077608,2013,762473
127077979,2006,762844
127078349,2000,763214
127078724,1994,763589
127079095,1990,763960
127079465,1983,764330
127079836,1983,764701
127080207,1982,765072
127080577,1981,765442
127080948,1981,765813
127081318,1983,766183
127081690,1985,766555
127082061,1987,766926
127082432,1992,767297
127082802,1997,767667
127083173,2002,768038
127083543,2008,768408
127083918,2014,768783
127084288,2022,769153
127084658,2030,769523
127085030,2038,769895
127085400,2047,770265
127085771,2055,770636
127086141,2063,771006
127086512,2071,771377
127086886,2080,771751
127087256,2087,772121
127087627,2094,772492
127087997,2101,772862
127088368,2106,773233
127088742,2111,773607
127089112,2115,773977
127089483,2118,774348
127089853,2122,774718
127090224,2124,775089
127090594,2125,775459
127090965,2124,775830
127091336,2123,776201
127091709,2121,776574
127092079,2117,776944
127092450,2115,777315
127092820,2108,777685
127093191,2103,778056
127093561,2097,778426
127093936,2090,778801
127094307,2083,779172
127094677,2074,779542
127095050,2067,779915
127095421,2059,780286
127095791,2051,780656
127096162,2041,781027
127096533,2034,781398
127096908,2026,781773
127097278,2019,782143
127097649,2012,782514
127098020,2005,782885
127098390,2000,783255
127098761,1995,783626
127099135,1989,784000
127099505,1986,784370
127099876,1983,784741
127100251,1982,785116
127100622,1981,785487
127100992,1982,785857
127101363,1982,786228
127101736,1985,786601
127102107,1988,786972
127102477,1992,787342
127102848,1996,787713
127103219,2002,788084
127103589,2008,788454
127103960,2016,788825
127104330,2023,789195
127104705,2031,789570
127105076,2039,789941
127105446,2047,790311
127105816,2056,790681
127106187,2064,791052
127106558,2073,791423
127106933,2081,791798
127107303,2088,792168
127107674,2095,792539
127108049,2101,792914
127108419,2105,793284
127108790,2112,793655
127109161,2115,794026
127109531,2121,794396
127109906,2122,794771
127110276,2124,795141
127110647,2124,795512
127111017,2124,795882
127111388,2123,796253
127111758,2120,796623
127112129,2117,796994
127112500,2111,797365
127112870,2108,797735
127113245,2102,798110
127113616,2096,798481
127113987,2089,798852
127114357,2080,799222
127114732,2074,799597
127115103,2065,799968
127115473,2058,800338
127115843,2049,800708
127116214,2040,801079
127116585,2032,801450
127116955,2025,801820
127117326,2018,802191
127117699,2010,802564
127118070,2004,802935
127118440,1998,803305
127118810,1994,803675
127119181,1990,804046
127119552,1986,804417
127119926,1983,804791
127120297,1982,805162
127120667,1981,805532
127121043,1982,805908
127121414,1981,806279
127121784,1986,806649
127122155,1988,807020
127122525,1992,807390
127122900,1998,807765
127123270,2003,808135
127123640,2010,808505
127124011,2016,808876
127124381,2024,809246
127124752,2032,809617
127125123,2040,809988
127125493,2049,810358
127125863,2057,810728
127126238,2064,811103
127126608,2073,811473
127126979,2081,811844
127127349,2089,812214
127127724,2096,812589
127128095,2103,812960
127128465,2108,813330
127128836,2113,813701
127129207,2117,814072
127129577,2121,814442
127129948,2123,814813
127130318,2125,815183
127130690,2125,815555
127131061,2124,815926
127131432,2123,816297
127131802,2120,816667
127132173,2116,817038
127132543,2111,817408
127132918,2107,817783
127133288,2101,818153
127133658,2094,818523
127134030,2088,818895
127134400,2082,819265
127134771,2073,819636
127135141,2065,820006
127135512,2058,820377
127135886,2048,820751
127136256,2040,821121
127136627,2032,821492
127136997,2024,821862
127137368,2017,822233
127137742,2009,822607
127138112,2004,822977
127138483,1998,823348
127138853,1993,823718
127139224,1990,824089
127139594,1985,824459
127139965,1983,824830
127140336,1982,825201
127140709,1981,825574
127141079,1981,825944
127141450,1984,826315
127141820,1986,826685
127142191,1989,827056
127142561,1993,827426
127142936,1998,827801
127143307,2004,828172
127143677,2011,828542
127144050,2018,828915
127144421,2025,829286
127144791,2033,829656
127145162,2041,830027
127145533,2047,830398
127145908,2059,830773
127146278,2066,831143
127146649,2074,831514
127147020,2083,831885
127147390,2091,832255
127147761,2096,832626
127148135,2103,833000
127148505,2109,833370
127148876,2113,833741
127149251,2117,834116
127149622,2121,834487
127149992,2123,834857
127150363,2123,835228
127150736,2124,835601
127151107,2124,835972
127151477,2122,836342
127151848,2119,836713
127152219,2117,837084
127152589,2112,837454
127152960,2107,837825
127153330,2102,838195
127153705,2095,838570
127154076,2087,838941
127154446,2080,839311
127154816,2072,839681
127155187,2065,840052
127155558,2056,840423
127155933,2048,840798
127156303,2039,841168
127156674,2031,841539
127157049,2024,841914
127157419,2017,842284
127157790,2009,842655
127158161,2002,843026
127158531,1998,843396
127158906,1992,843771
127159276,1989,844141
127159647,1985,844512
127160017,1983,844882
127160388,1981,845253
127160758,1982,845623
127161129,1981,845994
127161500,1983,846365
127161870,1986,846735
127162245,1989,847110
127162616,1992,847481
127162987,1999,847852
127163357,2005,848222
127163732,2013,848597
127164103,2019,848968
127164473,2026,849338
127164843,2034,849708
127165214,2042,850079
127165585,2051,850450
127165955,2060,850820
127166326,2067,851191
127166699,2076,851564
127167070,2083,851935
127167440,2092,852305
127167810,2098,852675
127168181,2104,853046
127168552,2109,853417
127168926,2113,853791
127169297,2117,854162
127169667,2121,854532
127170043,2123,854908
127170414,2124,855279
127170784,2124,855649
127171155,2122,856020
127171525,2121,856390
127171900,2118,856765
127172270,2116,857135
127172640,2112,857505
127173011,2106,857876
127173381,2100,858246
127173752,2094,858617
127174123,2085,858988
127174493,2079,859358
127174863,2071,859728
127175238,2063,860103
127175608,2053,860473
127175979,2046,860844
127176349,2038,861214
127176724,2030,861589
127177095,2022,861960
127177465,2015,862330
127177836,2008,862701
127178207,2002,863072
127178577,1997,863442
127178948,1991,863813
127179318,1987,864183
127179690,1985,864555
127180061,1983,864926
127180432,1982,865297
127180802,1982,865667
127181173,1982,866038
127181543,1983,866408
127181918,1986,866783
127182288,1989,867153
127182658,1994,867523
127183030,1999,867895
127183400,2006,868265
127183771,2012,868636
127184141,2019,869006
127184512,2027,869377
127184886,2035,869751
127185256,2044,870121
127185627,2052,870492
127185997,2060,870862
127186368,2068,871233
127186742,2077,871607
127187112,2083,871977
127187483,2091,872348
127187853,2098,872718
127188224,2105,873089
127188594,2110,873459
127188965,2115,873830
127189336,2118,874201
127189709,2121,874574
127190079,2123,874944
127190450,2124,875315
127190820,2124,875685
127191191,2123,876056
127191561,2121,876426
127191936,2119,876801
127192307,2115,877172
127192677,2110,877542
127193050,2105,877915
127193421,2097,878286
127193791,2092,878656
127194162,2085,879027
127194533,2078,879398
127194908,2070,879773
127195278,2062,880143
127195649,2054,880514
127196020,2046,880885
127196390,2037,881255
127196761,2029,881626
127197135,2022,882000
127197505,2014,882370
127197876,2007,882741
127198251,2001,883116
127198622,1995,883487
127198992,1991,883857
127199363,1987,884228
127199736,1985,884601
127200107,1983,884972
127200477,1981,885342
127200848,1981,885713
127201219,1982,886084
127201589,1984,886454
127201960,1987,886825
127202330,1991,887195
127202705,1995,887570
127203076,2000,887941
127203446,2008,888311
127203816,2013,888681
127204187,2020,889052
127204558,2028,889423
127204933,2036,889798
127205303,2044,890168
127205674,2053,890539
127206049,2061,890914
127206419,2069,891284
127206790,2078,891655
127207161,2085,892026
127207531,2094,892396
127207906,2099,892771
127208276,2105,893141
127208647,2110,893512
127209017,2115,893882
127209388,2119,894253
127209758,2121,894623
127210129,2123,894994
127210500,2125,895365
127210870,2125,895735
127211245,2123,896110
127211616,2121,896481
127211987,2119,896852
127212357,2114,897222
127212732,2110,897597
127213103,2104,897968
127213473,2098,898338
127213843,2091,898708
127214214,2084,899079
127214585,2077,899450
127214955,2069,899820
127215326,2061,900191
127215699,2052,900564
127216070,2044,900935
127216440,2036,901305
127216810,2028,901675
127217181,2020,902046
127217552,2014,902417
127217926,2005,902791
127218297,2001,903162
127218667,1995,903532
127219043,1991,903908
127219414,1988,904279
127219784,1985,904649
127220155,1982,905020
127220525,1980,905390
127220900,1980,905765
127221270,1982,906135
127221640,1984,906505
127222011,1986,906876
127222381,1991,907246
127222752,1995,907617
127223123,2002,907988
127223493,2007,908358
127223863,2013,908728
127224238,2022,909103
127224608,2028,909473
127224979,2037,909844
127225349,2046,910214
127225724,2054,910589
127226095,2062,910960
127226465,2070,911330
127226836,2078,911701
127227207,2085,912072
127227577,2093,912442
127227948,2100,912813
127228318,2106,913183
127228690,2111,913555
127229061,2115,913926
127229432,2119,914297
127229802,2121,914667
127230173,2124,915038
127230543,2124,915408
127230918,2124,915783
127231288,2123,916153
127231658,2121,916523
127232030,2118,916895
127232400,2114,917265
127232771,2109,917636
127233141,2104,918006
127233512,2098,918377
127233886,2091,918751
127234256,2083,919121
127234627,2076,919492
127234997,2068,919862
127235368,2060,920233
127235742,2051,920607
127236112,2043,920977
127236483,2034,921348
127236853,2027,921718
127237224,2020,922089
127237594,2013,922459
127237965,2006,922830
127238336,2000,923201
127238709,1995,923574
127239079,1990,923944
127239450,1987,924315
127239820,1983,924685
127240191,1981,925056
127240561,1982,925426
127240936,1981,925801
127241307,1983,926172
127241677,1984,926542
127242050,1988,926915
127242421,1992,927286
127242791,1996,927656
127243162,2002,928027
127243533,2008,928398
127243908,2015,928773
127244278,2022,929143
127244649,2030,929514
127245020,2038,929885
127245390,2047,930255
127245761,2055,930626
127246135,2063,931000
127246505,2072,931370
127246876,2080,931741
127247251,2087,932116
127247622,2094,932487
127247992,2100,932857
127248363,2107,933228
127248736,2112,933601
127249107,2116,933972
127249477,2119,934342
127249848,2122,934713
127250219,2123,935084
127250589,2124,935454
127250960,2123,935825
127251330,2123,936195
127251705,2120,936570
127252076,2117,936941
127252446,2114,937311
127252816,2107,937681
127253187,2102,938052
127253558,2097,938423
127253933,2088,938798
127254303,2082,939168
127254674,2075,939539
127255049,2068,939914
127255419,2057,940284
127255790,2051,940655
127256161,2042,941026
127256531,2035,941396
127256906,2026,941771
127257276,2019,942141
127257647,2012,942512
127258017,2004,942882
127258388,1999,943253
127258758,1994,943623
127259129,1990,943994
127259500,1986,944365
127259870,1984,944735
127260245,1982,945110
127260616,1981,945481
127260987,1981,945852
127261357,1983,946222
127261732,1985,946597
127262103,1988,946968
127262473,1992,947338
127262843,1997,947708
127263214,2002,948079
127263585,2008,948450
127263955,2015,948820
127264326,2023,949191
127264699,2031,949564
127265070,2039,949935
127265440,2048,950305
127265810,2056,950675
127266181,2064,951046
127266552,2072,951417
127266926,2082,951791
127267297,2087,952162
127267667,2095,952532
127268043,2101,952908
127268414,2108,953279
127268784,2113,953649
127269155,2116,954020
127269525,2119,954390
127269900,2123,954765
127270270,2124,955135
127270640,2124,955505
127271011,2124,955876
127271381,2123,956246
127271752,2120,956617
127272123,2118,956988
127272493,2113,957358
127272863,2107,957728
127273238,2104,958103
127273608,2096,958473
127273979,2089,958844
127274349,2082,959214
127274724,2073,959589
127275095,2066,959960
127275465,2058,960330
127275836,2050,960701
127276207,2041,961072
127276577,2033,961442
127276948,2025,961813
127277318,2018,962183
127277690,2011,962555
127278061,2004,962926
127278432,2000,963297
127278802,1994,963667
127279173,1988,964038
127279543,1985,964408
127279918,1983,964783
127280288,1982,965153
127280658,1981,965523
127281030,1982,965895
127281400,1983,966265
127281771,1985,966636
127282141,1988,967006
127282512,1992,967377
127282886,1997,967751
127283256,2002,968121
127283627,2009,968492
127283997,2016,968862
127284368,2023,969233
127284742,2031,969607
127285112,2040,969977
127285483,2048,970348
127285853,2057,970718
127286224,2066,971089
127286594,2074,971459
127286965,2081,971830
127287336,2087,972201
127287709,2095,972574
127288079,2102,972944
127288450,2107,973315
127288820,2113,973685
127289191,2115,974056
127289561,2120,974426
127289936,2122,974801
127290307,2123,975172
127290677,2124,975542
127291050,2123,975915
127291421,2121,976286
127291791,2120,976656
127292162,2117,977027
127292533,2113,977398
127292908,2108,977773
127293278,2101,978143
127293649,2095,978514
127294020,2089,978885
127294390,2081,979255
127294761,2073,979626
127295135,2066,980000
127295505,2057,980370
127295876,2049,980741
127296251,2040,981116
127296622,2032,981487
127296992,2025,981857
127297363,2017,982228
127297736,2009,982601
127298107,2003,982972
127298477,1998,983342
127298848,1993,983713
127299219,1989,984084
127299589,1986,984454
127299960,1983,984825
127300330,1982,985195
127300705,1981,985570
127301076,1981,985941
127301446,1984,986311
127301816,1985,986681
127302187,1988,987052
127302558,1993,987423
127302933,1998,987798
127303303,2004,988168
127303674,2010,988539
127304049,2017,988914
127304419,2025,989284
127304790,2033,989655
127305161,2041,990026
127305531,2051,990396
127305906,2058,990771
127306276,2066,991141
127306647,2074,991512
127307017,2081,991882
127307388,2090,992253
127307758,2096,992623
127308129,2102,992994
127308500,2108,993365
127308870,2113,993735
127309245,2118,994110
127309616,2120,994481
127309987,2123,994852
127310357,2124,995222
127310732,2125,995597
127311103,2124,995968
127311473,2122,996338
127311843,2120,996708
127312214,2116,997079
127312585,2112,997450
127312955,2107,997820
127313326,2101,998191
127313699,2094,998564
127314070,2087,998935
127314440,2080,999305
127314810,2073,999675
127315181,2065,1000046
127315552,2056,1000417
127315926,2048,1000791
127316297,2039,1001162
127316667,2031,1001532
127317043,2023,1001908
127317414,2016,1002279
127317784,2009,1002649
127318155,2003,1003020
127318525,1996,1003390
127318900,1992,1003765
127319270,1988,1004135
127319640,1986,1004505
127320011,1983,1004876
127320381,1981,1005246
127320752,1981,1005617
127321123,1982,1005988
127321493,1983,1006358
127321863,1986,1006728
127322238,1990,1007103
127322608,1993,1007473
127322979,1998,1007844
127323349,2004,1008214
127323724,2012,1008589
127324095,2018,1008960
127324465,2025,1009330
127324836,2033,1009701
127325207,2042,1010072
127325577,2052,1010442
127325948,2059,1010813
127326318,2067,1011183
127326690,2075,1011555
127327061,2083,1011926
127327432,2090,1012297
127327802,2097,1012667
127328173,2103,1013038
127328543,2108,1013408
127328918,2114,1013783
127329288,2118,1014153
127329658,2120,1014523
127330030,2123,1014895
127330400,2124,1015265
127330771,2125,1015636
127331141,2124,1016006
127331512,2122,1016377
127331886,2119,1016751
127332256,2116,1017121
127332627,2111,1017492
127332997,2106,1017862
127333368,2100,1018233
127333742,2094,1018607
127334112,2086,1018977
127334483,2079,1019348
127334853,2071,1019718
127335224,2063,1020089
127335594,2055,1020459
127335965,2047,1020830
127336336,2038,1021201
127336709,2030,1021574
127337079,2023,1021944
127337450,2015,1022315
127337820,2008,1022685
127338191,2002,1023056
127338561,1996,1023426
127338936,1992,1023801
127339307,1988,1024172
127339677,1984,1024542
127340050,1984,1024915
127340421,1981,1025286
127340791,1981,1025656
127341162,1982,1026027
127341533,1985,1026398
127341908,1986,1026773
127342278,1990,1027143
127342649,1994,1027514
127343020,1999,1027885
127343390,2005,1028255
127343761,2011,1028626
127344135,2019,1029000
127344505,2027,1029370
127344876,2035,1029741
127345251,2044,1030116
127345622,2051,1030487
127345992,2060,1030857
127346363,2067,1031228
127346736,2077,1031601
127347107,2085,1031972
127347477,2093,1032342
127347848,2098,1032713
127348219,2104,1033084
127348589,2110,1033454
127348960,2114,1033825
127349330,2118,1034195
127349705,2121,1034570
127350076,2125,1034941
127350446,2124,1035311
127350816,2125,1035681
127351187,2124,1036052
127351558,2123,1036423
127351933,2119,1036798
127352303,2115,1037168
127352674,2111,1037539
127353049,2105,1037914
127353419,2100,1038284
127353790,2093,1038655
127354161,2086,1039026
127354531,2081,1039396
127354906,2071,1039771
127355276,2062,1040141
127355647,2054,1040512
127356017,2045,1040882
127356388,2037,1041253
127356758,2029,1041623
127357129,2022,1041994
127357500,2015,1042365
127357870,2008,1042735
127358245,2000,1043110
127358616,1996,1043481
127358987,1992,1043852
127359357,1988,1044222
127359732,1984,1044597
127360103,1983,1044968
127360473,1981,1045338
127360843,1982,1045708
127361214,1981,1046079
127361585,1985,1046450
127361955,1986,1046820
127362326,1990,1047191
127362699,1995,1047564
127363070,2000,1047935
127363440,2006,1048305
127363810,2012,1048675
127364181,2020,1049046
127364552,2028,1049417
127364926,2036,1049791
127365297,2045,1050162
127365667,2053,1050532
127366043,2061,1050908
127366414,2069,1051279
127366784,2076,1051649
127367155,2085,1052020
127367525,2091,1052390
127367900,2099,1052765
127368270,2105,1053135
127368640,2109,1053505
127369011,2114,1053876
127369381,2119,1054246
127369752,2121,1054617
127370123,2122,1054988
127370493,2124,1055358
127370863,2124,1055728
127371238,2122,1056103
127371608,2121,1056473
127371979,2119,1056844
127372349,2114,1057214
127372724,2111,1057589
127373095,2105,1057960
127373465,2098,1058330
127373836,2092,1058701
127374207,2084,1059072
127374577,2077,1059442
127374948,2069,1059813
127375318,2062,1060183
127375690,2052,1060555
127376061,2044,1060926
127376432,2036,1061297
127376802,2028,1061667
127377173,2021,1062038
127377543,2013,1062408
127377918,2007,1062783
127378288,2000,1063153
127378658,1995,1063523
127379030,1990,1063895
127379400,1987,1064265
127379771,1984,1064636
127380141,1982,1065006
127380512,1980,1065377
127380886,1981,1065751
127381256,1982,1066121
127381627,1984,1066492
127381997,1987,1066862
127382368,1990,1067233
127382742,1995,1067607
127383112,2000,1067977
127383483,2006,1068348
127383853,2014,1068718
127384224,2020,1069089
127384594,2028,1069459
127384965,2036,1069830
127385336,2045,1070201
127385709,2054,1070574
127386079,2062,1070944
127386450,2070,1071315
127386820,2078,1071685
127387191,2086,1072056
127387561,2092,1072426
127387936,2099,1072801
127388307,2106,1073172
127388677,2110,1073542
127389050,2115,1073915
127389421,2120,1074286
127389791,2122,1074656
127390162,2123,1075027
127390533,2125,1075398
127390908,2124,1075773
127391278,2123,1076143
127391649,2121,1076514
127392020,2118,1076885
127392390,2115,1077255
127392761,2109,1077626
127393135,2104,1078000
127393505,2098,1078370
127393876,2090,1078741
127394251,2083,1079116
127394622,2076,1079487
127394992,2068,1079857
127395363,2061,1080228
127395736,2052,1080601
127396107,2046,1080972
127396477,2035,1081342
127396848,2028,1081713
127397219,2020,1082084
127397589,2013,1082454
127397960,2006,1082825
127398330,2000,1083195
127398705,1994,1083570
127399076,1990,1083941
127399446,1986,1084311
127399816,1984,1084681
127400187,1982,1085052
127400558,1982,1085423
127400933,1981,1085798
127401303,1982,1086168
127401674,1983,1086539
127402049,1987,1086914
127402419,1992,1087284
127402790,1996,1087655
127403161,2002,1088026
127403531,2009,1088396
127403906,2014,1088771
127404276,2021,1089141
127404647,2030,1089512
127405017,2037,1089882
127405388,2046,1090253
127405758,2054,1090623
127406129,2062,1090994
127406500,2071,1091365
127406870,2078,1091735
127407245,2086,1092110
127407616,2094,1092481
127407987,2100,1092852
127408357,2106,1093222
127408732,2112,1093597
127409103,2116,1093968
127409473,2119,1094338
127409843,2123,1094708
127410214,2122,1095079
127410585,2124,1095450
127410955,2124,1095820
127411326,2123,1096191
127411699,2121,1096564
127412070,2118,1096935
127412440,2113,1097305
127412810,2109,1097675
127413181,2103,1098046
127413552,2097,1098417
127413926,2089,1098791
127414297,2083,1099162
127414667,2075,1099532
127415043,2068,1099908
127415414,2060,1100279
127415784,2051,1100649
127416155,2043,1101020
127416525,2033,1101390
127416900,2026,1101765
127417270,2018,1102135
127417640,2010,1102505
127418011,2006,1102876
127418381,1999,1103246
127418752,1994,1103617
127419123,1990,1103988
127419493,1986,1104358
127419863,1984,1104728
127420238,1982,1105103
127420608,1981,1105473
127420979,1981,1105844
127421349,1983,1106214
127421724,1985,1106589
127422095,1987,1106960
127422465,1992,1107330
127422836,1996,1107701
127423207,2002,1108072
127423577,2009,1108442
127423948,2014,1108813
127424318,2022,1109183
127424690,2030,1109555
127425061,2039,1109926
127425432,2047,1110297
127425802,2056,1110667
127426173,2064,1111038
127426543,2071,1111408
127426918,2080,1111783
127427288,2087,1112153
127427658,2094,1112523
127428030,2101,1112895
127428400,2107,1113265
127428771,2112,1113636
127429141,2116,1114006
127429512,2120,1114377
127429886,2122,1114751
127430256,2124,1115121
127430627,2125,1115492
127430997,2124,1115862
127431368,2123,1116233
127431742,2120,1116607
127432112,2117,1116977
127432483,2113,1117348
127432853,2107,1117718
127433224,2103,1118089
127433594,2097,1118459
127433965,2089,1118830
127434336,2084,1119201
127434709,2075,1119574
127435079,2067,1119944
127435450,2059,1120315
127435820,2051,1120685
127436191,2042,1121056
127436561,2034,1121426
127436936,2025,1121801
127437307,2019,1122172
127437677,2011,1122542
127438050,2004,1122915
127438421,1997,1123286
127438791,1993,1123656
127439162,1990,1124027
127439533,1987,1124398
127439908,1983,1124773
127440278,1981,1125143
127440649,1981,1125514
127441020,1982,1125885
127441390,1983,1126255
127441761,1985,1126626
127442135,1988,1127000
127442505,1993,1127370
127442876,1997,1127741
127443251,2003,1128116
127443622,2010,1128487
127443992,2016,1128857
127444363,2024,1129228
127444736,2032,1129601
127445107,2040,1129972
127445477,2049,1130342
127445848,2057,1130713
127446219,2065,1131084
127446589,2073,1131454
127446960,2081,1131825
127447330,2088,1132195
127447705,2095,1132570
127448076,2102,1132941
127448446,2108,1133311
127448816,2113,1133681
127449187,2117,1134052
127449558,2121,1134423
127449933,2122,1134798
127450303,2124,1135168
127450674,2124,1135539
127451049,2124,1135914
127451419,2121,1136284
127451790,2120,1136655
127452161,2116,1137026
127452531,2113,1137396
127452906,2110,1137771
127453276,2102,1138141
127453647,2096,1138512
127454017,2089,1138882
127454388,2082,1139253
127454758,2074,1139623
127455129,2066,1139994
127455500,2057,1140365
127455870,2049,1140735
127456245,2041,1141110
127456616,2032,1141481
127456987,2025,1141852
127457357,2016,1142222
127457732,2011,1142597
127458103,2004,1142968
127458473,1998,1143338
127458843,1992,1143708
127459214,1989,1144079
127459585,1986,1144450
127459955,1983,1144820
127460326,1982,1145191
127460699,1982,1145564
127461070,1982,1145935
127461440,1984,1146305
127461810,1985,1146675
127462181,1988,1147046
127462552,1993,1147417
127462926,1997,1147791
127463297,2003,1148162
127463667,2010,1148532
127464043,2018,1148908
127464414,2025,1149279
127464784,2033,1149649
127465155,2041,1150020
127465525,2049,1150390
127465900,2058,1150765
127466270,2066,1151135
127466640,2075,1151505
127467011,2082,1151876
127467381,2090,1152246
127467752,2096,1152617
127468123,2103,1152988
127468493,2108,1153358
127468863,2113,1153728
127469238,2117,1154103
127469608,2121,1154473
127469979,2123,1154844
127470349,2123,1155214
127470724,2125,1155589
127471095,2124,1155960
127471465,2122,1156330
127471836,2120,1156701
127472207,2117,1157072
127472577,2112,1157442
127472948,2107,1157813
127473318,2101,1158183
127473690,2095,1158555
127474061,2088,1158926
127474432,2081,1159297
127474802,2073,1159667
127475173,2065,1160038
127475543,2055,1160408
127475918,2048,1160783
127476288,2039,1161153
127476658,2031,1161523
127477030,2024,1161895
127477400,2017,1162265
127477771,2010,1162636
127478141,2003,1163006
127478512,1997,1163377
127478886,1992,1163751
127479256,1988,1164121
127479627,1985,1164492
127479997,1983,1164862
127480368,1982,1165233
127480742,1981,1165607
127481112,1981,1165977
127481483,1983,1166348
127481853,1986,1166718
127482224,1989,1167089
127482594,1994,1167459
127482965,1999,1167830
127483336,2004,1168201
127483709,2011,1168574
127484079,2018,1168944
127484450,2024,1169315
127484820,2033,1169685
127485191,2042,1170056
127485561,2050,1170426
127485936,2058,1170801
127486307,2067,1171172
127486677,2075,1171542
127487050,2083,1171915
127487421,2091,1172286
127487791,2097,1172656
127488162,2103,1173027
127488533,2110,1173398
127488908,2114,1173773
127489278,2118,1174143
127489649,2120,1174514
127490020,2123,1174885
127490390,2125,1175255
127490761,2124,1175626
127491135,2124,1176000
127491505,2122,1176370
127491876,2118,1176741
127492251,2116,1177116
127492622,2112,1177487
127492992,2106,1177857
127493363,2100,1178228
127493736,2093,1178601
127494107,2087,1178972
127494477,2079,1179342
127494848,2071,1179713
127495219,2063,1180084
127495589,2056,1180454
127495960,2048,1180825
127496330,2039,1181195
127496705,2031,1181570
127497076,2022,1181941
127497446,2016,1182311
127497816,2009,1182681
127498187,2002,1183052
127498558,1997,1183423
127498933,1992,1183798
127499303,1989,1184168
127499674,1985,1184539
127500049,1983,1184914
127500419,1981,1185284
127500790,1982,1185655
127501161,1981,1186026
127501531,1985,1186396
127501906,1986,1186771
127502276,1990,1187141
127502647,1994,1187512
127503017,1999,1187882
127503388,2004,1188253
127503758,2012,1188623
127504129,2019,1188994
127504500,2027,1189365
127504870,2035,1189735
127505245,2043,1190110
127505616,2048,1190481
127505987,2060,1190852
127506357,2068,1191222
127506732,2076,1191597
127507103,2084,1191968
127507473,2091,1192338
127507843,2097,1192708
127508214,2103,1193079
127508585,2110,1193450
127508955,2113,1193820
127509326,2118,1194191
127509699,2121,1194564
127510070,2124,1194935
127510440,2124,1195305
127510810,2125,1195675
127511181,2122,1196046
127511552,2121,1196417
127511926,2119,1196791
127512297,2115,1197162
127512667,2111,1197532
127513043,2105,1197908
127513414,2100,1198279
127513784,2093,1198649
127514155,2086,1199020
127514525,2077,1199390
127514900,2070,1199765
127515270,2062,1200135
127515640,2055,1200505
127516011,2046,1200876
127516381,2037,1201246
127516752,2030,1201617
127517123,2022,1201988
127517493,2015,1202358
127517863,2007,1202728
127518238,2001,1203103
127518608,1996,1203473
127518979,1991,1203844
127519349,1988,1204214
127519724,1984,1204589
127520095,1982,1204960
127520465,1981,1205330
127520836,1981,1205701
127521207,1981,1206072
127521577,1983,1206442
127521948,1986,1206813
127522318,1989,1207183
127522690,1994,1207555
127523061,2000,1207926
127523432,2006,1208297
127523802,2012,1208667
127524173,2020,1209038
127524543,2027,1209408
127524918,2036,1209783
127525288,2044,1210153
127525658,2052,1210523
127526030,2061,1210895
127526400,2070,1211265
127526771,2077,1211636
127527141,2085,1212006
127527512,2092,1212377
127527886,2098,1212751
127528256,2104,1213121
127528627,2110,1213492
127528997,2115,1213862
127529368,2119,1214233
127529742,2121,1214607
127530112,2124,1214977
127530483,2125,1215348
127530853,2124,1215718
127531224,2123,1216089
127531594,2122,1216459
127531965,2119,1216830
127532336,2115,1217201
127532709,2110,1217574
127533079,2105,1217944
127533450,2099,1218315
127533820,2092,1218685
127534191,2085,1219056
127534561,2079,1219426
127534936,2069,1219801
127535307,2062,1220172
127535677,2053,1220542
127536050,2045,1220915
127536421,2036,1221286
127536791,2028,1221656
127537162,2021,1222027
127537533,2014,1222398
127537908,2007,1222773
127538278,2001,1223143
127538649,1995,1223514
127539020,1991,1223885
127539390,1987,1224255
127539761,1984,1224626
127540135,1983,1225000
127540505,1981,1225370
127540876,1981,1225741
127541251,1982,1226116
127541622,1984,1226487
127541992,1987,1226857
127542363,1991,1227228
127542736,1995,1227601
127543107,2001,1227972
127543477,2007,1228342
127543848,2014,1228713
127544219,2021,1229084
127544589,2029,1229454
127544960,2037,1229825
127545330,2045,1230195
127545705,2053,1230570
127546076,2062,1230941
127546446,2070,1231311
127546816,2078,1231681
127547187,2085,1232052
127547558,2093,1232423
127547933,2099,1232798
127548303,2105,1233168
127548674,2110,1233539
127549049,2116,1233914
127549419,2117,1234284
127549790,2122,1234655
127550161,2124,1235026
127550531,2125,1235396
127550906,2125,1235771
127551276,2124,1236141
127551647,2122,1236512
127552017,2119,1236882
127552388,2114,1237253
127552758,2110,1237623
127553129,2104,1237994
127553500,2098,1238365
127553870,2091,1238735
127554245,2084,1239110
127554616,2077,1239481
127554987,2070,1239852
127555357,2060,1240222
127555732,2053,1240597
127556103,2045,1240968
127556473,2035,1241338
127556843,2028,1241708
127557214,2021,1242079
127557585,2013,1242450
127557955,2006,1242820
127558326,2000,1243191
127558699,1995,1243564
127559070,1990,1243935
127559440,1987,1244305
127559810,1983,1244675
127560181,1982,1245046
127560552,1981,1245417
127560926,1981,1245791
127561297,1983,1246162
127561667,1984,1246532
127562043,1987,1246908
127562414,1991,1247279
127562784,1996,1247649
127563155,2001,1248020
127563525,2007,1248390
127563900,2014,1248765
127564270,2022,1249135
127564640,2029,1249505
127565011,2038,1249876
127565381,2046,1250246
127565752,2054,1250617
127566123,2063,1250988
127566493,2071,1251358
127566863,2079,1251728
127567238,2087,1252103
127567608,2093,1252473
127567979,2100,1252844
127568349,2106,1253214
127568724,2111,1253589
127569095,2115,1253960
127569465,2120,1254330
127569836,2122,1254701
127570207,2124,1255072
127570577,2125,1255442
127570948,2124,1255813
127571318,2123,1256183
127571690,2121,1256555
127572061,2118,1256926
127572432,2114,1257297
127572802,2108,1257667
127573173,2103,1258038
127573543,2096,1258408
127573918,2091,1258783
127574288,2084,1259153
127574658,2076,1259523
127575030,2068,1259895
127575400,2061,1260265
127575771,2052,1260636
127576141,2043,1261006
127576512,2035,1261377
127576886,2027,1261751
127577256,2019,1262121
127577627,2012,1262492
127577997,2006,1262862
127578368,2000,1263233
127578742,1994,1263607
127579112,1989,1263977
127579483,1987,1264348
127579853,1984,1264718
127580224,1982,1265089
127580594,1981,1265459
127580965,1982,1265830
127581336,1982,1266201
127581709,1985,1266574
127582079,1988,1266944
127582450,1992,1267315
127582820,1997,1267685
127583191,2002,1268056
127583561,2009,1268426
127583936,2015,1268801
127584307,2023,1269172
127584677,2030,1269542
127585050,2039,1269915
127585421,2048,1270286
127585791,2056,1270656
127586162,2062,1271027
127586533,2073,1271398
127586908,2080,1271773
127587278,2087,1272143
127587649,2094,1272514
127588020,2102,1272885
127588390,2107,1273255
127588761,2112,1273626
127589135,2116,1274000
127589505,2120,1274370
127589876,2121,1274741
127590251,2123,1275116
127590622,2123,1275487
127590992,2123,1275857
127591363,2122,1276228
127591736,2121,1276601
127592107,2118,1276972
127592477,2113,1277342
127592848,2107,1277713
127593219,2102,1278084
127593589,2097,1278454
127593960,2090,1278825
127594330,2082,1279195
127594705,2076,1279570
127595076,2067,1279941
127595446,2059,1280311
127595816,2051,1280681
127596187,2042,1281052
127596558,2034,1281423
127596933,2026,1281798
127597303,2018,1282168
127597674,2011,1282539
127598049,2005,1282914
127598419,1997,1283284
127598790,1994,1283655
127599161,1989,1284026
127599531,1987,1284396
127599906,1983,1284771
127600276,1982,1285141
127600647,1982,1285512
127601017,1981,1285882
127601388,1983,1286253
127601758,1985,1286623
127602129,1988,1286994
127602500,1993,1287365
127602870,1997,1287735
127603245,2003,1288110
127603616,2009,1288481
127603987,2016,1288852
127604357,2024,1289222
127604732,2032,1289597
127605103,2040,1289968
127605473,2048,1290338
127605843,2056,1290708
127606214,2065,1291079
127606585,2073,1291450
127606955,2080,1291820
127607326,2088,1292191
127607699,2096,1292564
127608070,2102,1292935
127608440,2107,1293305
127608810,2113,1293675
127609181,2116,1294046
127609552,2120,1294417
127609926,2123,1294791
127610297,2124,1295162
127610667,2125,1295532
127611043,2124,1295908
127611414,2124,1296279
127611784,2121,1296649
127612155,2116,1297020
127612525,2112,1297390
127612900,2108,1297765
127613270,2102,1298135
127613640,2095,1298505
127614011,2088,1298876
127614381,2082,1299246
127614752,2074,1299617
127615123,2065,1299988
127615493,2058,1300358
127615863,2049,1300728
127616238,2041,1301103
127616608,2033,1301473
127616979,2025,1301844
127617349,2018,1302214
127617724,2010,1302589
127618095,2004,1302960
127618465,1998,1303330
127618836,1993,1303701
127619207,1989,1304072
127619577,1985,1304442
127619948,1983,1304813
127620318,1981,1305183
127620690,1981,1305555
127621061,1981,1305926
127621432,1983,1306297
127621802,1985,1306667
127622173,1989,1307038
127622543,1992,1307408
127622918,1997,1307783
127623288,2003,1308153
127623658,2010,1308523
127624030,2017,1308895
127624400,2026,1309265
127624771,2032,1309636
127625141,2040,1310006
127625512,2049,1310377
127625886,2058,1310751
127626256,2066,1311121
127626627,2074,1311492
127626997,2082,1311862
127627368,2089,1312233
127627742,2096,1312607
127628112,2102,1312977
127628483,2108,1313348
127628853,2113,1313718
127629224,2116,1314089
127629594,2122,1314459
127629965,2123,1314830
127630336,2124,1315201
127630709,2124,1315574
127631079,2124,1315944
127631450,2122,1316315
127631820,2119,1316685
127632191,2116,1317056
127632561,2112,1317426
127632936,2107,1317801
127633307,2100,1318172
127633677,2095,1318542
127634050,2088,1318915
127634421,2081,1319286
127634791,2073,1319656
127635162,2065,1320027
127635533,2058,1320398
127635908,2048,1320773
127636278,2040,1321143
127636649,2032,1321514
127637020,2024,1321885
127637390,2017,1322255
127637761,2010,1322626
127638135,2003,1323000
127638505,1997,1323370
127638876,1993,1323741
127639251,1988,1324116
127639622,1986,1324487
127639992,1983,1324857
127640363,1981,1325228
127640736,1981,1325601
127641107,1982,1325972
127641477,1983,1326342
127641848,1986,1326713
127642219,1989,1327084
127642589,1993,1327454
127642960,1998,1327825
127643330,2005,1328195
127643705,2011,1328570
127644076,2018,1328941
127644446,2026,1329311
127644816,2033,1329681
127645187,2041,1330052
127645558,2050,1330423
127645933,2057,1330798
127646303,2067,1331168
127646674,2075,1331539
127647049,2082,1331914
127647419,2089,1332284
127647790,2097,1332655
127648161,2104,1333026
127648531,2109,1333396
127648906,2114,1333771
127649276,2118,1334141
127649647,2120,1334512
127650017,2123,1334882
127650388,2123,1335253
127650758,2125,1335623
127651129,2124,1335994
127651500,2122,1336365
127651870,2119,1336735
127652245,2116,1337110
127652616,2112,1337481
127652987,2107,1337852
127653357,2100,1338222
127653732,2095,1338597
127654103,2088,1338968
127654473,2079,1339338
127654843,2072,1339708
127655214,2063,1340079
127655585,2056,1340450
127655955,2048,1340820
127656326,2039,1341191
127656699,2031,1341564
127657070,2023,1341935
127657440,2016,1342305
127657810,2008,1342675
127658181,2003,1343046
127658552,1997,1343417
127658926,1992,1343791
127659297,1987,1344162
127659667,1984,1344532
127660043,1982,1344908
127660414,1981,1345279
127660784,1981,1345649
127661155,1982,1346020
127661525,1983,1346390
127661900,1986,1346765
127662270,1990,1347135
127662640,1993,1347505
127663011,1997,1347876
127663381,2006,1348246
127663752,2012,1348617
127664123,2019,1348988
127664493,2026,1349358
127664863,2034,1349728
127665238,2043,1350103
127665608,2051,1350473
127665979,2059,1350844
127666349,2068,1351214
127666724,2075,1351589
127667095,2083,1351960
127667465,2091,1352330
127667836,2098,1352701
127668207,2104,1353072
127668577,2109,1353442
127668948,2113,1353813
127669318,2118,1354183
127669690,2121,1354555
127670061,2123,1354926
127670432,2123,1355297
127670802,2125,1355667
127671173,2124,1356038
127671543,2121,1356408
127671918,2119,1356783
127672288,2115,1357153
127672658,2111,1357523
127673030,2105,1357895
127673400,2099,1358265
127673771,2094,1358636
127674141,2086,1359006
127674512,2079,1359377
127674886,2071,1359751
127675256,2063,1360121
127675627,2055,1360492
127675997,2046,1360862
127676368,2038,1361233
127676742,2030,1361607
127677112,2022,1361977
127677483,2015,1362348
127677853,2008,1362718
127678224,2002,1363089
127678594,1997,1363459
127678965,1991,1363830
127679336,1988,1364201
127679709,1985,1364574
127680079,1982,1364944
127680450,1981,1365315
127680820,1981,1365685
127681191,1982,1366056
127681561,1984,1366426
127681936,1986,1366801
127682307,1989,1367172
127682677,1995,1367542
127683050,2000,1367915
127683421,2005,1368286
127683791,2012,1368656
127684162,2019,1369027
127684533,2028,1369398
127684908,2036,1369773
127685278,2044,1370143
127685649,2052,1370514
127686020,2061,1370885
127686390,2069,1371255
127686761,2076,1371626
127687135,2084,1372000
127687505,2092,1372370
127687876,2099,1372741
127688251,2105,1373116
127688622,2110,1373487
127688992,2114,1373857
127689363,2118,1374228
127689736,2121,1374601
127690107,2123,1374972
127690477,2124,1375342
127690848,2124,1375713
127691219,2124,1376084
127691589,2121,1376454
127691960,2119,1376825
127692330,2115,1377195
127692705,2111,1377570
127693076,2105,1377941
127693446,2099,1378311
127693816,2093,1378681
127694187,2085,1379052
127694558,2078,1379423
127694933,2069,1379798
127695303,2062,1380168
127695674,2054,1380539
127696049,2045,1380914
127696419,2037,1381284
127696790,2029,1381655
127697161,2022,1382026
127697531,2015,1382396
127697906,2007,1382771
127698276,2001,1383141
127698647,1997,1383512
127699017,1991,1383882
127699388,1988,1384253
127699758,1985,1384623
127700129,1983,1384994
127700500,1982,1385365
127700870,1981,1385735
127701245,1982,1386110
127701616,1984,1386481
127701987,1987,1386852
127702357,1990,1387222
127702732,1996,1387597
127703103,2000,1387968
127703473,2006,1388338
127703843,2014,1388708
127704214,2020,1389079
127704585,2028,1389450
127704955,2036,1389820
127705326,2045,1390191
127705699,2052,1390564
127706070,2062,1390935
127706440,2069,1391305
127706810,2077,1391675
127707181,2086,1392046
127707552,2092,1392417
127707926,2099,1392791
127708297,2105,1393162
127708667,2110,1393532
127709043,2116,1393908
127709414,2117,1394279
127709784,2121,1394649
127710155,2123,1395020
127710525,2121,1395390
127710900,2124,1395765
127711270,2123,1396135
127711640,2121,1396505
127712011,2118,1396876
127712381,2114,1397246
127712752,2111,1397617
127713123,2104,1397988
127713493,2098,1398358
127713863,2092,1398728
127714238,2084,1399103
127714608,2077,1399473
127714979,2069,1399844
127715349,2062,1400214
127715724,2052,1400589
127716095,2044,1400960
127716465,2036,1401330
127716836,2028,1401701
127717207,2021,1402072
127717577,2013,1402442
127717948,2006,1402813
127718318,1999,1403183
127718690,1995,1403555
127719061,1990,1403926
127719432,1986,1404297
127719802,1984,1404667
127720173,1982,1405038
127720543,1980,1405408
127720918,1981,1405783
127721288,1983,1406153
127721658,1983,1406523
127722030,1987,1406895
127722400,1991,1407265
127722771,1996,1407636
127723141,2001,1408006
127723512,2007,1408377
127723886,2015,1408751
127724256,2021,1409121
127724627,2029,1409492
127724997,2038,1409862
127725368,2045,1410233
127725742,2054,1410607
127726112,2062,1410977
127726483,2070,1411348
127726853,2078,1411718
127727224,2086,1412089
127727594,2094,1412459
127727965,2100,1412830
127728336,2105,1413201
127728709,2111,1413574
127729079,2116,1413944
127729450,2120,1414315
127729820,2122,1414685
127730191,2123,1415056
127730561,2125,1415426
127730936,2124,1415801
127731307,2123,1416172
127731677,2121,1416542
127732050,2117,1416915
127732421,2115,1417286
127732791,2109,1417656
127733162,2104,1418027
127733533,2098,1418398
127733908,2091,1418773
127734278,2083,1419143
127734649,2075,1419514
127735020,2067,1419885
127735390,2061,1420255
127735761,2051,1420626
127736135,2043,1421000
127736505,2035,1421370
127736876,2026,1421741
127737251,2019,1422116
127737622,2014,1422487
127737992,2005,1422857
127738363,1999,1423228
127738736,1994,1423601
127739107,1989,1423972
127739477,1986,1424342
127739848,1984,1424713
127740219,1982,1425084
127740589,1982,1425454
127740960,1982,1425825
127741330,1982,1426195
127741705,1984,1426570
127742076,1987,1426941
127742446,1992,1427311
127742816,1996,1427681
127743187,2002,1428052
127743558,2008,1428423
127743933,2016,1428798
127744303,2023,1429168
127744674,2031,1429539
127745049,2038,1429914
127745419,2045,1430284
127745790,2055,1430655
127746161,2063,1431026
127746531,2073,1431396
127746906,2080,1431771
127747276,2088,1432141
127747647,2095,1432512
127748017,2101,1432882
127748388,2106,1433253
127748758,2112,1433623
127749129,2116,1433994
127749500,2119,1434365
127749870,2122,1434735
127750245,2123,1435110
127750616,2125,1435481
127750987,2124,1435852
127751357,2123,1436222
127751732,2121,1436597
127752103,2117,1436968
127752473,2113,1437338
127752843,2109,1437708
127753214,2104,1438079
127753585,2097,1438450
127753955,2089,1438820
127754326,2083,1439191
127754699,2076,1439564
127755070,2067,1439935
127755440,2058,1440305
127755810,2051,1440675
127756181,2042,1441046
127756552,2034,1441417
127756926,2026,1441791
127757297,2018,1442162
127757667,2011,1442532
127758043,2005,1442908
127758414,1997,1443279
127758784,1993,1443649
127759155,1989,1444020
127759525,1985,1444390
127759900,1983,1444765
127760270,1982,1445135
127760640,1981,1445505
127761011,1981,1445876
127761381,1983,1446246
127761752,1985,1446617
127762123,1988,1446988
127762493,1992,1447358
127762863,1998,1447728
127763238,2002,1448103
127763608,2009,1448473
127763979,2016,1448844
127764349,2024,1449214
127764724,2031,1449589
127765095,2038,1449960
127765465,2048,1450330
127765836,2057,1450701
127766207,2065,1451072
127766577,2073,1451442
127766948,2080,1451813
127767318,2088,1452183
127767690,2095,1452555
127768061,2102,1452926
127768432,2107,1453297
127768802,2112,1453667
127769173,2116,1454038
127769543,2120,1454408
127769918,2122,1454783
127770288,2124,1455153
127770658,2124,1455523
127771030,2124,1455895
127771400,2123,1456265
127771771,2121,1456636
127772141,2116,1457006
127772512,2113,1457377
127772886,2108,1457751
127773256,2103,1458121
127773627,2096,1458492
127773997,2090,1458862
127774368,2081,1459233
127774742,2074,1459607
127775112,2066,1459977
127775483,2058,1460348
127775853,2050,1460718
127776224,2042,1461089
127776594,2033,1461459
127776965,2026,1461830
127777336,2018,1462201
127777709,2011,1462574
127778079,2004,1462944
127778450,1998,1463315
127778820,1993,1463685
127779191,1990,1464056
127779561,1985,1464426
127779936,1983,1464801
127780307,1982,1465172
127780677,1981,1465542
127781050,1980,1465915
127781421,1983,1466286
127781791,1985,1466656
127782162,1988,1467027
127782533,1993,1467398
127782908,1997,1467773
127783278,2003,1468143
127783649,2013,1468514
127784020,2017,1468885
127784390,2025,1469255
127784761,2032,1469626
127785135,2040,1470000
127785505,2049,1470370
127785876,2057,1470741
127786251,2067,1471116
127786622,2074,1471487
127786992,2081,1471857
127787363,2089,1472228
127787736,2096,1472601
127788107,2102,1472972
127788477,2108,1473342
127788848,2113,1473713
127789219,2117,1474084
127789589,2120,1474454
127789960,2123,1474825
127790330,2123,1475195
127790705,2125,1475570
127791076,2124,1475941
127791446,2122,1476311
127791816,2119,1476681
127792187,2117,1477052
127792558,2113,1477423
127792933,2108,1477798
127793303,2102,1478168
127793674,2095,1478539
127794049,2088,1478914
127794419,2081,1479284
127794790,2073,1479655
127795161,2065,1480026
127795531,2058,1480396
127795906,2048,1480771
127796276,2040,1481141
127796647,2032,1481512
127797017,2024,1481882
127797388,2017,1482253
127797758,2009,1482623
127798129,2003,1482994
127798500,1998,1483365
127798870,1992,1483735
127799245,1988,1484110
127799616,1985,1484481
127799987,1983,1484852
127800357,1982,1485222
127800732,1982,1485597
127801103,1982,1485968
127801473,1983,1486338
127801843,1986,1486708
127802214,1989,1487079
127802585,1993,1487450
127802955,1999,1487820
127803326,2004,1488191
127803699,2010,1488564
127804070,2018,1488935
127804440,2025,1489305
127804810,2033,1489675
127805181,2041,1490046
127805552,2050,1490417
127805926,2058,1490791
127806297,2067,1491162
127806667,2075,1491532
127807043,2083,1491908
127807414,2092,1492279
127807784,2097,1492649
127808155,2103,1493020
127808525,2107,1493390
127808900,2114,1493765
127809270,2117,1494135
127809640,2120,1494505
127810011,2123,1494876
127810381,2124,1495246
127810752,2125,1495617
127811123,2124,1495988
127811493,2122,1496358
127811863,2118,1496728
127812238,2116,1497103
127812608,2111,1497473
127812979,2107,1497844
127813349,2101,1498214
127813724,2095,1498589
127814095,2088,1498960
127814465,2080,1499330
127814836,2072,1499701
127815207,2065,1500072
127815577,2056,1500442
127815948,2048,1500813
127816318,2038,1501183
127816690,2031,1501555
127817061,2023,1501926
127817432,2016,1502297
127817802,2009,1502667
127818173,2003,1503038
127818543,1997,1503408
127818918,1992,1503783
127819288,1987,1504153
127819658,1984,1504523
127820030,1984,1504895
127820400,1982,1505265
127820771,1981,1505636
127821141,1981,1506006
127821512,1983,1506377
127821886,1985,1506751
127822256,1989,1507121
127822627,1994,1507492
127822997,1999,1507862
127823368,2007,1508233
127823742,2011,1508607
127824112,2019,1508977
127824483,2026,1509348
127824853,2034,1509718
127825224,2042,1510089
127825594,2051,1510459
127825965,2059,1510830
127826336,2068,1511201
127826709,2076,1511574
127827079,2083,1511944
127827450,2090,1512315
127827820,2097,1512685
127828191,2103,1513056
127828561,2109,1513426
127828936,2114,1513801
127829307,2118,1514172
127829677,2121,1514542
127830050,2123,1514915
127830421,2125,1515286
127830791,2125,1515656
127831162,2124,1516027
127831533,2123,1516398
127831908,2120,1516773
127832278,2116,1517143
127832649,2111,1517514
127833020,2106,1517885
127833390,2101,1518255
127833761,2093,1518626
127834135,2087,1519000
127834505,2078,1519370
127834876,2071,1519741
127835251,2063,1520116
127835622,2056,1520487
127835992,2047,1520857
127836363,2038,1521228
127836736,2030,1521601
127837107,2023,1521972
127837477,2015,1522342
127837848,2008,1522713
127838219,2002,1523084
127838589,1996,1523454
127838960,1991,1523825
127839330,1988,1524195
127839705,1985,1524570
127840076,1982,1524941
127840446,1981,1525311
127840816,1981,1525681
127841187,1981,1526052
127841558,1983,1526423
127841933,1986,1526798
127842303,1990,1527168
127842674,1995,1527539
127843049,1999,1527914
127843419,2005,1528284
127843790,2012,1528655
127844161,2019,1529026
127844531,2027,1529396
127844906,2035,1529771
127845276,2043,1530141
127845647,2051,1530512
127846017,2060,1530882
127846388,2069,1531253
127846758,2076,1531623
127847129,2084,1531994
127847500,2091,1532365
127847870,2098,1532735
127848245,2104,1533110
127848616,2109,1533481
127848987,2114,1533852
127849357,2118,1534222
127849732,2122,1534597
127850103,2122,1534968
127850473,2124,1535338
127850843,2125,1535708
127851214,2124,1536079
127851585,2122,1536450
127851955,2119,1536820
127852326,2116,1537191
127852699,2110,1537564
127853070,2105,1537935
127853440,2100,1538305
127853810,2093,1538675
127854181,2084,1539046
127854552,2078,1539417
127854926,2070,1539791
127855297,2062,1540162
127855667,2054,1540532
127856043,2047,1540908
127856414,2037,1541279
127856784,2029,1541649
127857155,2021,1542020
127857525,2014,1542390
127857900,2007,1542765
127858270,2001,1543135
127858640,1996,1543505
127859011,1991,1543876
127859381,1987,1544246
127859752,1984,1544617
127860123,1983,1544988
127860493,1981,1545358
127860863,1981,1545728
127861238,1981,1546103
127861608,1983,1546473
127861979,1986,1546844
127862349,1989,1547214
127862724,1995,1547589
127863095,2001,1547960
127863465,2006,1548330
127863836,2013,1548701
127864207,2020,1549072
127864577,2028,1549442
127864948,2036,1549813
127865318,2045,1550183
127865690,2053,1550555
127866061,2061,1550926
127866432,2069,1551297
127866802,2078,1551667
127867173,2084,1552038
127867543,2093,1552408
127867918,2099,1552783
127868288,2106,1553153
127868658,2110,1553523
127869030,2115,1553895
127869400,2122,1554265
127869771,2121,1554636
127870141,2124,1555006
127870512,2125,1555377
127870886,2124,1555751
127871256,2123,1556121
127871627,2122,1556492
127871997,2118,1556862
127872368,2114,1557233
127872742,2110,1557607
127873112,2105,1557977
127873483,2099,1558348
127873853,2091,1558718
127874224,2086,1559089
127874594,2079,1559459
127874965,2069,1559830
127875336,2062,1560201
127875709,2053,1560574
127876079,2045,1560944
127876450,2036,1561315
127876820,2028,1561685
127877191,2021,1562056
127877561,2013,1562426
127877936,2007,1562801
127878307,2000,1563172
127878677,1994,1563542
127879050,1991,1563915
127879421,1988,1564286
127879791,1984,1564656
127880162,1981,1565027
127880533,1981,1565398
127880908,1981,1565773
127881278,1984,1566143
127881649,1984,1566514
127882020,1987,1566885
127882390,1991,1567255
127882761,1995,1567626
127883135,2002,1568000
127883505,2007,1568370
127883876,2013,1568741
127884251,2021,1569116
127884622,2030,1569487
127884992,2038,1569857
127885363,2045,1570228
127885736,2054,1570601
127886107,2062,1570972
127886477,2071,1571342
127886848,2078,1571713
127887219,2086,1572084
127887589,2093,1572454
127887960,2100,1572825
127888330,2106,1573195
127888705,2111,1573570
127889076,2116,1573941
127889446,2120,1574311
127889816,2122,1574681
127890187,2124,1575052
127890558,2124,1575423
127890933,2124,1575798
127891303,2123,1576168
127891674,2120,1576539
127892049,2118,1576914
127892419,2113,1577284
127892790,2109,1577655
127893161,2104,1578026
127893531,2099,1578396
127893906,2090,1578771
127894276,2084,1579141
127894647,2076,1579512
127895017,2068,1579882
127895388,2061,1580253
127895758,2053,1580623
127896129,2043,1580994
127896500,2037,1581365
127896870,2027,1581735
127897245,2019,1582110
127897616,2013,1582481
127897987,2005,1582852
127898357,1999,1583222
127898732,1994,1583597
127899103,1989,1583968
127899473,1986,1584338
127899843,1984,1584708
127900214,1982,1585079
127900585,1981,1585450
127900955,1981,1585820
127901326,1982,1586191
127901699,1984,1586564
127902070,1987,1586935
127902440,1991,1587305
127902810,1996,1587675
127903181,2002,1588046
127903552,2007,1588417
127903926,2015,1588791
127904297,2022,1589162
127904667,2030,1589532
127905043,2039,1589908
127905414,2049,1590279
127905784,2055,1590649
127906155,2063,1591020
127906525,2070,1591390
127906900,2080,1591765
127907270,2087,1592135
127907640,2093,1592505
127908011,2101,1592876
127908381,2106,1593246
127908752,2111,1593617
127909123,2115,1593988
127909493,2119,1594358
127909863,2122,1594728
127910238,2124,1595103
127910608,2125,1595473
127910979,2124,1595844
127911349,2123,1596214
127911724,2121,1596589
127912095,2118,1596960
127912465,2111,1597330
127912836,2109,1597701
127913207,2103,1598072
127913577,2097,1598442
127913948,2090,1598813
127914318,2082,1599183
127914690,2075,1599555
127915061,2067,1599926
127915432,2059,1600297
127915802,2051,1600667
127916173,2043,1601038
127916543,2035,1601408
127916918,2026,1601783
127917288,2019,1602153
127917658,2012,1602523
127918030,2005,1602895
127918400,1999,1603265
127918771,1994,1603636
127919141,1990,1604006
127919512,1986,1604377
127919886,1983,1604751
127920256,1982,1605121
127920627,1980,1605492
127920997,1981,1605862
127921368,1983,1606233
127921742,1984,1606607
127922112,1988,1606977
127922483,1992,1607348
127922853,1997,1607718
127923224,2001,1608089
127923594,2009,1608459
127923965,2016,1608830
127924336,2023,1609201
127924709,2031,1609574
127925079,2039,1609944
127925450,2048,1610315
127925820,2056,1610685
127926191,2064,1611056
127926561,2073,1611426
127926936,2081,1611801
127927307,2088,1612172
127927677,2096,1612542
127928050,2102,1612915
127928421,2105,1613286
127928791,2112,1613656
127929162,2116,1614027
127929533,2120,1614398
127929908,2123,1614773
127930278,2124,1615143
127930649,2124,1615514
127931020,2124,1615885
127931390,2123,1616255
127931761,2120,1616626
127932135,2117,1617000
127932505,2113,1617370
127932876,2108,1617741
127933251,2104,1618116
127933622,2096,1618487
127933992,2089,1618857
127934363,2082,1619228
127934736,2074,1619601
127935107,2066,1619972
127935477,2058,1620342
127935848,2050,1620713
127936219,2041,1621084
127936589,2033,1621454
127936960,2025,1621825
127937330,2018,1622195
127937705,2011,1622570
127938076,2005,1622941
127938446,1998,1623311
127938816,1993,1623681
127939187,1989,1624052
127939558,1986,1624423
127939933,1983,1624798
127940303,1981,1625168
127940674,1980,1625539
127941049,1981,1625914
127941419,1981,1626284
127941790,1985,1626655
127942161,1989,1627026
127942531,1994,1627396
127942906,1997,1627771
127943276,2004,1628141
127943647,2009,1628512
127944017,2018,1628882
127944388,2024,1629253
127944758,2036,1629623
127945129,2040,1629994
127945500,2048,1630365
127945870,2057,1630735
127946245,2066,1631110
127946616,2073,1631481
127946987,2080,1631852
127947357,2088,1632222
127947732,2097,1632597
127948103,2102,1632968
127948473,2107,1633338
127948843,2113,1633708
127949214,2117,1634079
127949585,2120,1634450
127949955,2123,1634820
127950326,2124,1635191
127950699,2125,1635564
127951070,2124,1635935
127951440,2122,1636305
127951810,2120,1636675
127952181,2117,1637046
127952552,2112,1637417
127952926,2105,1637791
127953297,2102,1638162
127953667,2095,1638532
127954043,2088,1638908
127954414,2081,1639279
127954784,2073,1639649
127955155,2065,1640020
127955525,2056,1640390
127955900,2049,1640765
127956270,2040,1641135
127956640,2032,1641505
127957011,2024,1641876
127957381,2017,1642246
127957752,2010,1642617
127958123,2004,1642988
127958493,1997,1643358
127958863,1994,1643728
127959238,1988,1644103
127959608,1985,1644473
127959979,1983,1644844
127960349,1981,1645214
127960724,1981,1645589
127961095,1981,1645960
127961465,1983,1646330
127961836,1985,1646701
127962207,1988,1647072
127962577,1992,1647442
127962948,1998,1647813
127963318,2004,1648183
127963690,2010,1648555
127964061,2017,1648926
127964432,2025,1649297
127964802,2033,1649667
127965173,2041,1650038
127965543,2049,1650408
127965918,2058,1650783
127966288,2066,1651153
127966658,2074,1651523
127967030,2082,1651895
127967400,2090,1652265
127967771,2096,1652636
127968141,2103,1653006
127968512,2108,1653377
127968886,2116,1653751
127969256,2115,1654121
127969627,2119,1654492
127969997,2123,1654862
127970368,2122,1655233
127970742,2124,1655607
127971112,2124,1655977
127971483,2122,1656348
127971853,2120,1656718
127972224,2116,1657089
127972594,2112,1657459
127972965,2106,1657830
127973336,2101,1658201
127973709,2094,1658574
127974079,2087,1658944
127974450,2080,1659315
127974820,2073,1659685
127975191,2064,1660056
127975561,2056,1660426
127975936,2048,1660801
127976307,2039,1661172
127976677,2032,1661542
127977050,2024,1661915
127977421,2016,1662286
127977791,2009,1662656
127978162,2002,1663027
127978533,1997,1663398
127978908,1992,1663773
127979278,1986,1664143
127979649,1985,1664514
127980020,1983,1664885
127980390,1983,1665255
127980761,1981,1665626
127981135,1982,1666000
127981505,1983,1666370
127981876,1986,1666741
127982251,1989,1667116
127982622,1993,1667487
127982992,1999,1667857
127983363,2005,1668228
127983736,2011,1668601
127984107,2018,1668972
127984477,2026,1669342
127984848,2034,1669713
127985219,2042,1670084
127985589,2050,1670454
127985960,2059,1670825
127986330,2067,1671195
127986705,2075,1671570
127987076,2083,1671941
127987446,2090,1672311
127987816,2097,1672681
127988187,2104,1673052
127988558,2109,1673423
127988933,2114,1673798
127989303,2117,1674168
127989674,2121,1674539
127990049,2123,1674914
127990419,2125,1675284
127990790,2125,1675655
127991161,2124,1676026
127991531,2123,1676396
127991906,2119,1676771
127992276,2116,1677141
127992647,2112,1677512
127993017,2106,1677882
127993388,2100,1678253
127993758,2093,1678623
127994129,2086,1678994
127994500,2079,1679365
127994870,2071,1679735
127995245,2063,1680110
127995616,2055,1680481
127995987,2046,1680852
127996357,2038,1681222
127996732,2031,1681597
127997103,2022,1681968
127997473,2015,1682338
127997843,2008,1682708
127998214,2002,1683079
127998585,1996,1683450
127998955,1992,1683820
127999326,1988,1684191
127999699,1985,1684564
128000070,1983,1684935
128000440,1981,1685305
128000810,1981,1685675
128001181,1985,1686046
128001552,1984,1686417
128001926,1986,1686791
128002297,1989,1687162
128002667,1994,1687532
128003043,2000,1687908
128003414,2005,1688279
128003784,2012,1688649
128004155,2019,1689020
128004525,2026,1689390
128004900,2035,1689765
128005270,2043,1690135
128005640,2052,1690505
128006011,2060,1690876
128006381,2068,1691246
128006752,2076,1691617
128007123,2084,1691988
128007493,2091,1692358
128007863,2098,1692728
128008238,2104,1693103
128008608,2109,1693473
128008979,2113,1693844
128009349,2118,1694214
128009724,2121,1694589
128010095,2123,1694960
128010465,2124,1695330
128010836,2124,1695701
128011207,2123,1696072
128011577,2121,1696442
128011948,2120,1696813
128012318,2115,1697183
128012690,2110,1697555
128013061,2106,1697926
128013432,2099,1698297
128013802,2093,1698667
128014173,2086,1699038
128014543,2077,1699408
128014918,2071,1699783
128015288,2062,1700153
128015658,2055,1700523
128016030,2046,1700895
128016400,2038,1701265
128016771,2029,1701636
128017141,2022,1702006
128017512,2015,1702377
128017886,2007,1702751
128018256,2001,1703121
128018627,1995,1703492
128018997,1990,1703862
128019368,1988,1704233
128019742,1984,1704607
128020112,1982,1704977
128020483,1980,1705348
128020853,1981,1705718
128021224,1982,1706089
128021594,1984,1706459
128021965,1987,1706830
128022336,1990,1707201
128022709,1995,1707574
128023079,2000,1707944
128023450,2006,1708315
128023820,2012,1708685
128024191,2020,1709056
128024561,2028,1709426
128024936,2036,1709801
128025307,2044,1710172
128025677,2052,1710542
128026050,2061,1710915
128026421,2069,1711286
128026791,2078,1711656
128027162,2085,1712027
128027533,2093,1712398
128027908,2098,1712773
128028278,2105,1713143
128028649,2110,1713514
128029020,2115,1713885
128029390,2119,1714255
128029761,2122,1714626
128030135,2124,1715000
128030505,2124,1715370
128030876,2124,1715741
128031251,2123,1716116
128031622,2121,1716487
128031992,2118,1716857
128032363,2115,1717228
128032736,2110,1717601
128033107,2105,1717972
128033477,2099,1718342
128033848,2092,1718713
128034219,2085,1719084
128034589,2077,1719454
128034960,2070,1719825
128035330,2062,1720195
128035705,2053,1720570
128036076,2045,1720941
128036446,2036,1721311
128036816,2028,1721681
128037187,2020,1722052
128037558,2014,1722423
128037933,2007,1722798
128038303,2001,1723168
128038674,1995,1723539
128039049,1991,1723914
128039419,1985,1724284
128039790,1984,1724655
128040161,1983,1725026
128040531,1983,1725396
128040906,1981,1725771
128041276,1982,1726141
128041647,1984,1726512
128042017,1986,1726882
128042388,1991,1727253
128042758,1995,1727623
128043129,2001,1727994
128043500,2006,1728365
128043870,2013,1728735
128044245,2021,1729110
128044616,2029,1729481
128044987,2037,1729852
128045357,2046,1730222
128045732,2055,1730597
128046103,2062,1730968
128046473,2070,1731338
128046843,2078,1731708
128047214,2086,1732079
128047585,2093,1732450
128047955,2099,1732820
128048326,2106,1733191
128048699,2111,1733564
128049070,2115,1733935
128049440,2119,1734305
128049810,2121,1734675
128050181,2123,1735046
128050552,2125,1735417
128050926,2124,1735791
128051297,2123,1736162
128051667,2121,1736532
128052043,2116,1736908
128052414,2116,1737279
128052784,2110,1737649
128053155,2104,1738020
128053525,2097,1738390
128053900,2091,1738765
128054270,2083,1739135
128054640,2077,1739505
128055011,2069,1739876
128055381,2061,1740246
128055752,2053,1740617
128056123,2043,1740988
128056493,2035,1741358
128056863,2028,1741728
128057238,2019,1742103
128057608,2012,1742473
128057979,2005,1742844
128058349,1999,1743214
128058724,1995,1743589
128059095,1989,1743960
128059465,1986,1744330
128059836,1984,1744701
128060207,1981,1745072
128060577,1981,1745442
128060948,1981,1745813
128061318,1981,1746183
128061690,1985,1746555
128062061,1987,1746926
128062432,1993,1747297
128062802,1997,1747667
128063173,2002,1748038
128063543,2007,1748408
128063918,2015,1748783
128064288,2022,1749153
128064658,2030,1749523
128065030,2039,1749895
128065400,2046,1750265
128065771,2054,1750636
128066141,2063,1751006
128066512,2071,1751377
128066886,2079,1751751
128067256,2086,1752121
128067627,2094,1752492
128067997,2100,1752862
128068368,2106,1753233
128068742,2112,1753607
128069112,2116,1753977
128069483,2119,1754348
128069853,2122,1754718
128070224,2123,1755089
128070594,2125,1755459
128070965,2124,1755830
128071336,2123,1756201
128071709,2121,1756574
128072079,2118,1756944
128072450,2114,1757315
128072820,2109,1757685
128073191,2103,1758056
128073561,2097,1758426
128073936,2089,1758801
128074307,2084,1759172
128074677,2076,1759542
128075050,2068,1759915
128075421,2060,1760286
128075791,2051,1760656
128076162,2043,1761027
128076533,2035,1761398
128076908,2026,1761773
128077278,2019,1762143
128077649,2011,1762514
128078020,2005,1762885
